Recipe: 20 Minute Creamy Spinach Artichoke Pasta
Servings: 4

Ingredients:
2 Tbsp butter 
2 cloves garlic 
1.5 cups chicken broth* 
1.5 cups milk 
1/4 tsp salt 
Freshly cracked pepper 
8 oz. linguine 
1/4 lb. fresh baby spinach (1/2 of 8oz bag)
15 oz. can quartered artichoke hearts 
1/4 cup grated Parmesan 

Nutrition:
calories: 1142.98
total_fat: 41.940000000000005
saturated_fat: 23.72
cholesterol: 119.43
sodium: 3140.25
total_carbohydrate: 151.78
dietary_fiber: 31.52
sugars: 7.68
protein: 51.83
potassium: 2717.91
p: 1056.3600000000001

Nutrition per Serving:
calories: 285.745
total_fat: 10.485000000000001
saturated_fat: 5.93
cholesterol: 29.8575
sodium: 785.0625
total_carbohydrate: 37.945
dietary_fiber: 7.88
sugars: 1.92
protein: 12.9575
potassium: 679.4775
p: 264.09000000000003

