Recipe: 20 Minute Honey Mustard Chicken
Servings: 4

Ingredients:
1.5 lbs. boneless, skinless chicken thighs*
1 tsp smoked paprika
1/4 tsp garlic powder
1/4 tsp salt
1 Tbsp cooking oil
1/2 cup chicken broth
2 Tbsp coarse ground mustard
2 Tbsp honey
1 Tbsp butter

Nutrition:
calories: 1549.6299999999999
total_fat: 83.25000000000001
saturated_fat: 24.88
cholesterol: 863.09
sodium: 2344.22
total_carbohydrate: 40.51
dietary_fiber: 2.49
sugars: 36.160000000000004
protein: 169.66000000000003
potassium: 2025.9
p: 1499.2100000000003

Nutrition per Serving:
calories: 387.40749999999997
total_fat: 20.812500000000004
saturated_fat: 6.22
cholesterol: 215.7725
sodium: 586.055
total_carbohydrate: 10.1275
dietary_fiber: 0.6225
sugars: 9.040000000000001
protein: 42.415000000000006
potassium: 506.475
p: 374.80250000000007

