Recipe: 5 Ingredient Freezer Biscuits
Servings: 4

Ingredients:
2.5 cups all-purpose flour (plus some for dusting)
1 tsp salt
1 Tbsp sugar
4 tsp baking powder
1 pint heavy whipping cream

Nutrition:
calories: 2818.98
total_fat: 175.31
saturated_fat: 110.43
cholesterol: 539.46
sodium: 4411.16
total_carbohydrate: 269.2
dietary_fiber: 8.479999999999999
sugars: 27.299999999999997
protein: 45.84
potassium: 792.3199999999999
p: 1017.53

Nutrition per Serving:
calories: 704.745
total_fat: 43.8275
saturated_fat: 27.6075
cholesterol: 134.865
sodium: 1102.79
total_carbohydrate: 67.3
dietary_fiber: 2.1199999999999997
sugars: 6.824999999999999
protein: 11.46
potassium: 198.07999999999998
p: 254.3825

