Recipe: 5 Minute Savory Microwave Breakfast Mug
Servings: 4

Ingredients:
1 cup stale bread pieces*
1/4 cup pre-cooked chopped meat
1/4 cup finely chopped vegetables
2 Tbsp shredded cheese
1 Tbsp butter
3 Tbsp milk
1 large egg
Pinch of salt and pepper

Nutrition:
calories: 688.0600000000001
total_fat: 38.8
saturated_fat: 17.919999999999998
cholesterol: 355.81
sodium: 654.46
total_carbohydrate: 28.890000000000004
dietary_fiber: 3.1
sugars: 6.34
protein: 52.97999999999999
potassium: 668.64
p: 552.4499999999999

Nutrition per Serving:
calories: 172.01500000000001
total_fat: 9.7
saturated_fat: 4.4799999999999995
cholesterol: 88.9525
sodium: 163.615
total_carbohydrate: 7.222500000000001
dietary_fiber: 0.775
sugars: 1.585
protein: 13.244999999999997
potassium: 167.16
p: 138.11249999999998

