Recipe: 5 Minute Nacho Cheese Sauce
Servings: 4

Ingredients:
2 Tbsp butter 
2 Tbsp flour 
1 cup whole milk 
6 oz. medium cheddar, shredded (about 1.5 cups)
1/4 tsp salt 
1/4 tsp chili powder 

Nutrition:
calories: 1098.4500000000003
total_fat: 87.88
saturated_fat: 51.27
cholesterol: 253.86
sodium: 1999.31
total_carbohydrate: 29.249999999999996
dietary_fiber: 0.65
sugars: 13.250000000000002
protein: 48.53
potassium: 488.18
p: 1004.65

Nutrition per Serving:
calories: 274.61250000000007
total_fat: 21.97
saturated_fat: 12.8175
cholesterol: 63.465
sodium: 499.8275
total_carbohydrate: 7.312499999999999
dietary_fiber: 0.1625
sugars: 3.3125000000000004
protein: 12.1325
potassium: 122.045
p: 251.1625

