Recipe: All-Edge Spiced Brownies
Servings: 4

Ingredients:
1/2 cup flour 
1/3 cup unsweetened cocoa powder 
1 cup granulated sugar
1/8 tsp salt 
1/8 tsp cayenne pepper 
1/8 tsp baking powder
1/4 tsp cinnamon
2 large eggs
1 tsp vanilla 
4 Tbsp butter, melted
1 tsp butter (for greasing the muffin tin)

Nutrition:
calories: 2132.3599999999997
total_fat: 80.88
saturated_fat: 38.06
cholesterol: 538.19
sodium: 1258.6499999999999
total_carbohydrate: 325.44999999999993
dietary_fiber: 8.62
sugars: 236.29
protein: 29.95
potassium: 373.91999999999996
p: 458.64

Nutrition per Serving:
calories: 533.0899999999999
total_fat: 20.22
saturated_fat: 9.515
cholesterol: 134.5475
sodium: 314.66249999999997
total_carbohydrate: 81.36249999999998
dietary_fiber: 2.155
sugars: 59.0725
protein: 7.4875
potassium: 93.47999999999999
p: 114.66

