Recipe: Almost Eggs Benedict
Servings: 4

Ingredients:
5  Tbsp butter, divided
2 English muffins
3 large eggs, divided
2 thick slices ham
1 Tbsp water
1 lemon (or about 1/2 Tbsp juice)*
pinch cayenne
pinch salt and pepper

Nutrition:
calories: 1212.79
total_fat: 81.52999999999999
saturated_fat: 42.87
cholesterol: 797.37
sodium: 2599.1800000000003
total_carbohydrate: 64.37999999999998
dietary_fiber: 6.169999999999999
sugars: 4.41
protein: 59.519999999999996
potassium: 1011.12
p: 904.3100000000001

Nutrition per Serving:
calories: 303.1975
total_fat: 20.382499999999997
saturated_fat: 10.7175
cholesterol: 199.3425
sodium: 649.7950000000001
total_carbohydrate: 16.094999999999995
dietary_fiber: 1.5424999999999998
sugars: 1.1025
protein: 14.879999999999999
potassium: 252.78
p: 226.07750000000001

