Recipe: Almond Apricot Biscotti
Servings: 4

Ingredients:
2 cups all-purpose flour
1 tsp baking powder
1/4 tsp salt
1 cup sugar
4 Tbsp butter, room temperature
2 large eggs
1/2 tsp vanilla extract
1 tsp almond extract
1/4 tsp nutmeg
1/3 cup sliced almonds
1/3 cup dried apricots (about 8 pieces)

Nutrition:
calories: 2570.3499999999995
total_fat: 76.49000000000001
saturated_fat: 34.22
cholesterol: 494.12
sodium: 1588.5
total_carbohydrate: 428.48999999999995
dietary_fiber: 14.52
sugars: 226.00000000000003
protein: 47.99
potassium: 1198.8000000000002
p: 788.24

Nutrition per Serving:
calories: 642.5874999999999
total_fat: 19.122500000000002
saturated_fat: 8.555
cholesterol: 123.53
sodium: 397.125
total_carbohydrate: 107.12249999999999
dietary_fiber: 3.63
sugars: 56.50000000000001
protein: 11.9975
potassium: 299.70000000000005
p: 197.06

