Recipe: Anne Byrn’s 1917 Applesauce Cake
Servings: 4

Ingredients:
1 cup sugar
2 Tbsp butter (plus some for the pan)
1 cup unsweetened applesauce
2 cups all-purpose flour (plus 1 Tbsp)
1 tsp baking soda
1/2 tsp cinnamon
1/2 tsp ground cloves
1/4 tsp salt
1/4 tsp nutmeg
2/3 cup raisins

Nutrition:
calories: 2309.6000000000004
total_fat: 26.569999999999997
saturated_fat: 15.24
cholesterol: 61.06
sodium: 2048.97
total_carbohydrate: 502.5
dietary_fiber: 14.429999999999998
sugars: 284.75
protein: 29.81
potassium: 1255.08
p: 396.99999999999994

Nutrition per Serving:
calories: 577.4000000000001
total_fat: 6.642499999999999
saturated_fat: 3.81
cholesterol: 15.265
sodium: 512.2425
total_carbohydrate: 125.625
dietary_fiber: 3.6074999999999995
sugars: 71.1875
protein: 7.4525
potassium: 313.77
p: 99.24999999999999

