Recipe: Apple Spice Pork Chop Meal Prep
Servings: 4

Ingredients:
3 lbs. russet potatoes
1 cup chicken broth
1/2 Tbsp  seasoning*
3 Tbsp butter

Nutrition:
calories: 1644.0300000000002
total_fat: 36.959999999999994
saturated_fat: 22.39
cholesterol: 96.57000000000001
sodium: 3667.76
total_carbohydrate: 293.69
dietary_fiber: 31.810000000000002
sugars: 15.85
protein: 37.89
potassium: 7560.030000000001
p: 988.99

Nutrition per Serving:
calories: 411.00750000000005
total_fat: 9.239999999999998
saturated_fat: 5.5975
cholesterol: 24.142500000000002
sodium: 916.94
total_carbohydrate: 73.4225
dietary_fiber: 7.952500000000001
sugars: 3.9625
protein: 9.4725
potassium: 1890.0075000000002
p: 247.2475

