Recipe: Bacon Bean and Potato Soup
Servings: 4

Ingredients:
1 lb dry navy beans
6 oz bacon
2 cloves garlic
1 yellow onion
3 carrots
3 stalks celery
1.5-2 lbs potatoes
6 cups chicken broth
8 oz can tomato sauce
salt and pepper to taste

Nutrition:
calories: 3828.81
total_fat: 72.42000000000002
saturated_fat: 21.950000000000006
cholesterol: 198.28
sodium: 9628.38
total_carbohydrate: 606.86
dietary_fiber: 108.63999999999999
sugars: 56.379999999999995
protein: 207.71000000000004
potassium: 14964.56
p: 3663.56

Nutrition per Serving:
calories: 957.2025
total_fat: 18.105000000000004
saturated_fat: 5.487500000000002
cholesterol: 49.57
sodium: 2407.095
total_carbohydrate: 151.715
dietary_fiber: 27.159999999999997
sugars: 14.094999999999999
protein: 51.92750000000001
potassium: 3741.14
p: 915.89

