Recipe: Bacon and Caramelized Pineapple Pizza
Servings: 4

Ingredients:
3 oz. bacon* 
8 oz. can pineapple chunks in juice 
1 Tbsp brown sugar 
1 large pizza dough** 
1/2 cup pizza sauce 
4 oz. shredded Monterrey Jack cheese 
2 green onions 

Nutrition:
calories: 1324.6499999999999
total_fat: 70.66
saturated_fat: 32.29
cholesterol: 196.47
sodium: 2867.76
total_carbohydrate: 112.03
dietary_fiber: 6.03
sugars: 81.97
protein: 61.21
potassium: 1666.6499999999999
p: 970.96

Nutrition per Serving:
calories: 331.16249999999997
total_fat: 17.665
saturated_fat: 8.0725
cholesterol: 49.1175
sodium: 716.94
total_carbohydrate: 28.0075
dietary_fiber: 1.5075
sugars: 20.4925
protein: 15.3025
potassium: 416.66249999999997
p: 242.74

