Recipe: Bacon Broccoli Cheddar Crustless Quiche
Servings: 4

Ingredients:
1 lb. frozen broccoli florets
4 oz. bacon
4 large eggs
1 cup milk
1/4 cup grated Parmesan
1/4 tsp seasoning salt*
4 oz. shredded medium cheddar, divided

Nutrition:
calories: 1664.1799999999998
total_fat: 110.12
saturated_fat: 48.36
cholesterol: 1009.64
sodium: 4078.4500000000003
total_carbohydrate: 55.239999999999995
dietary_fiber: 15.05
sugars: 7.609999999999999
protein: 115.97999999999999
potassium: 2702.4199999999996
p: 2058.0600000000004

Nutrition per Serving:
calories: 416.04499999999996
total_fat: 27.53
saturated_fat: 12.09
cholesterol: 252.41
sodium: 1019.6125000000001
total_carbohydrate: 13.809999999999999
dietary_fiber: 3.7625
sugars: 1.9024999999999999
protein: 28.994999999999997
potassium: 675.6049999999999
p: 514.5150000000001

