Recipe: Baked Broccoli Cheddar Tots
Servings: 4

Ingredients:
3 cups leftover mashed potatoes, chilled
1 cup Borden® Finely Shredded Mild Cheddar
1/2 lb frozen broccoli florets
1/4 tsp garlic powder
1/2 tsp smoked paprika
1/4 tsp salt
1 large egg

Nutrition:
calories: 1363.4899999999998
total_fat: 73.11000000000001
saturated_fat: 29.56
cholesterol: 313.58
sodium: 3644.4399999999996
total_carbohydrate: 128.33
dietary_fiber: 17.4
sugars: 12.95
protein: 52.339999999999996
potassium: 2915.9999999999995
p: 1117.5500000000002

Nutrition per Serving:
calories: 340.87249999999995
total_fat: 18.277500000000003
saturated_fat: 7.39
cholesterol: 78.395
sodium: 911.1099999999999
total_carbohydrate: 32.0825
dietary_fiber: 4.35
sugars: 3.2375
protein: 13.084999999999999
potassium: 728.9999999999999
p: 279.38750000000005

