Recipe: Homemade Baked Tortilla Chips
Servings: 4

Ingredients:
6 small corn tortillas
1/2 Tbsp canola or vegetable oil
Pinch of salt

Nutrition:
calories: 374.03000000000003
total_fat: 10.899999999999999
saturated_fat: 1.1600000000000001
cholesterol: 0
sodium: 196.98000000000002
total_carbohydrate: 64.28
dietary_fiber: 9.07
sugars: 1.27
protein: 8.21
potassium: 267.86999999999995
p: 452.16

Nutrition per Serving:
calories: 93.50750000000001
total_fat: 2.7249999999999996
saturated_fat: 0.29000000000000004
cholesterol: 0.0
sodium: 49.245000000000005
total_carbohydrate: 16.07
dietary_fiber: 2.2675
sugars: 0.3175
protein: 2.0525
potassium: 66.96749999999999
p: 113.04


Nutrients by Ingredient:

corn tortillas
calories: 313.92
total_fat: 4.1
saturated_fat: 0.65
sodium: 64.8
total_carbohydrate: 64.28
dietary_fiber: 9.07
sugars: 1.27
protein: 8.21
potassium: 267.84
p: 452.16

vegetable oil
calories: 60.11
total_fat: 6.8
saturated_fat: 0.51

salt
sodium: 132.18
potassium: 0.03


