Recipe: Baked Chicken with Artichokes and Tomatoes
Servings: 4

Ingredients:
15 oz can diced tomatoes, drained
2 Tbsp olive oil
3 cloves garlic, minced
3/4 tsp dried oregano
1/4 tsp salt
Freshly cracked pepper
1/2 Tbsp lemon juice
2 boneless, skinless chicken breast halves (about 1 lb. total)
Pinch of salt and pepper
14 oz can artichoke hearts
1 cup shredded mozzarella

Nutrition:
calories: 1502.3000000000002
total_fat: 59.17
saturated_fat: 18.259999999999998
cholesterol: 259.9
sodium: 130663.14000000001
total_carbohydrate: 152.11
dietary_fiber: 63.47
sugars: 17.75
protein: 123.47
potassium: 4443.79
p: 1587.39

Nutrition per Serving:
calories: 375.57500000000005
total_fat: 14.7925
saturated_fat: 4.5649999999999995
cholesterol: 64.975
sodium: 32665.785000000003
total_carbohydrate: 38.0275
dietary_fiber: 15.8675
sugars: 4.4375
protein: 30.8675
potassium: 1110.9475
p: 396.8475

