Recipe: Balsamic Chicken Skillet
Servings: 4

Ingredients:
2 Tbsp olive oil 
2 Tbsp brown sugar 
1/4 cup balsamic vinegar 
1 Tbsp soy sauce 
2 cloves garlic, minced
Freshly cracked pepper 
6 boneless, skinless chicken thighs
4 oz. whole milk mozzarella 
2 Roma tomatoes 
1/4 bunch fresh parsley 

Nutrition:
calories: 1686.1
total_fat: 89.71000000000001
saturated_fat: 25.98
cholesterol: 854.44
sodium: 2328.1200000000003
total_carbohydrate: 48.11999999999999
dietary_fiber: 2.36
sugars: 40.809999999999995
protein: 176.34
potassium: 2507.9600000000005
p: 1642.9499999999998

Nutrition per Serving:
calories: 421.525
total_fat: 22.427500000000002
saturated_fat: 6.495
cholesterol: 213.61
sodium: 582.0300000000001
total_carbohydrate: 12.029999999999998
dietary_fiber: 0.59
sugars: 10.202499999999999
protein: 44.085
potassium: 626.9900000000001
p: 410.73749999999995

