Recipe: Banana Nut Breakfast Farro
Servings: 4

Ingredients:
1/2 cup cooked farro 
1/2 cup milk (dairy, soy, or almond)
1/4 tsp vanilla extract 
1/2 tsp brown sugar, maple syrup, or honey
1 banana 
2 Tbsp chopped walnuts 

Nutrition:
calories: 559.8000000000001
total_fat: 13.6
saturated_fat: 2.61
cholesterol: 9.8
sodium: 71.51000000000002
total_carbohydrate: 103.0
dietary_fiber: 9.66
sugars: 49.96
protein: 15.17
potassium: 945.8
p: 383.7299999999999

Nutrition per Serving:
calories: 139.95000000000002
total_fat: 3.4
saturated_fat: 0.6525
cholesterol: 2.45
sodium: 17.877500000000005
total_carbohydrate: 25.75
dietary_fiber: 2.415
sugars: 12.49
protein: 3.7925
potassium: 236.45
p: 95.93249999999998

