Recipe: Banana Coconut Baked Oatmeal
Servings: 4

Ingredients:
1.5 cups mashed ripe bananas* 
1 large egg 
1/4 cup brown sugar 
1/2 tsp vanilla 
1/2 tsp nutmeg
1 tsp baking powder 
1/2 tsp salt 
1/3 cup unsweetened shredded coconut 
13.5 oz. can coconut milk 
3 cups old-fashioned rolled oats 

Nutrition:
calories: 2369.97
total_fat: 121.44
saturated_fat: 93.07
cholesterol: 186
sodium: 1811.8900000000003
total_carbohydrate: 293.84000000000003
dietary_fiber: 36.75
sugars: 83.63
protein: 51.150000000000006
potassium: 3018.64
p: 1689.52

Nutrition per Serving:
calories: 592.4925
total_fat: 30.36
saturated_fat: 23.2675
cholesterol: 46.5
sodium: 452.9725000000001
total_carbohydrate: 73.46000000000001
dietary_fiber: 9.1875
sugars: 20.9075
protein: 12.787500000000001
potassium: 754.66
p: 422.38

