Recipe: BBQ Chicken Burrito Bowls
Servings: 4

Ingredients:
1 cooked chicken breast*
1/2 cup BBQ sauce
4 cups cooked rice
15 oz can black beans
1 cup frozen corn kernels, thawed
1 small zucchini
4 oz pepper jack cheese
2 green onions
1 small avocado

Nutrition:
calories: 2479.8699999999994
total_fat: 66.43
saturated_fat: 27.020000000000003
cholesterol: 202.93
sodium: 3881.8100000000004
total_carbohydrate: 356.92999999999995
dietary_fiber: 48.59
sugars: 59.839999999999996
protein: 119.17999999999999
potassium: 3840.62
p: 1803.73

Nutrition per Serving:
calories: 619.9674999999999
total_fat: 16.6075
saturated_fat: 6.755000000000001
cholesterol: 50.7325
sodium: 970.4525000000001
total_carbohydrate: 89.23249999999999
dietary_fiber: 12.1475
sugars: 14.959999999999999
protein: 29.794999999999998
potassium: 960.155
p: 450.9325

