Recipe: Beef Burrito Casserole
Servings: 4

Ingredients:
1 Tbsp cooking oil 
1/2 lb ground beef 
1 clove garlic, minced
Pinch of salt 
4 cups cooked rice* 
15 oz can black beans 
16 oz jar salsa 
4 green onions, divided
1/2 Tbsp chili powder 
4 oz cream cheese 
1 cup shredded cheddar**

Nutrition:
calories: 2969.1400000000003
total_fat: 134.53
saturated_fat: 61.03000000000001
cholesterol: 428.25
sodium: 6421.700000000001
total_carbohydrate: 295.65999999999997
dietary_fiber: 43.5
sugars: 26.009999999999998
protein: 145.39999999999998
potassium: 4131.42
p: 2067.56

Nutrition per Serving:
calories: 742.2850000000001
total_fat: 33.6325
saturated_fat: 15.257500000000002
cholesterol: 107.0625
sodium: 1605.4250000000002
total_carbohydrate: 73.91499999999999
dietary_fiber: 10.875
sugars: 6.5024999999999995
protein: 36.349999999999994
potassium: 1032.855
p: 516.89

