Recipe: Bowties and Broccoli
Servings: 4

Ingredients:
12 oz pasta
1 lb frozen broccoli florets
3 Tbsp butter
3 Tbsp grated Parmesan
Salt to taste
Freshly cracked pepper to taste
Pinch crushed red pepper (optional)

Nutrition:
calories: 1070.84
total_fat: 43.84
saturated_fat: 25.18
cholesterol: 104.49000000000001
sodium: 1315.7500000000002
total_carbohydrate: 141.21
dietary_fiber: 21.7
sugars: 8.269999999999998
protein: 35.4
potassium: 1548.86
p: 609.46

Nutrition per Serving:
calories: 267.71
total_fat: 10.96
saturated_fat: 6.295
cholesterol: 26.122500000000002
sodium: 328.93750000000006
total_carbohydrate: 35.3025
dietary_fiber: 5.425
sugars: 2.0674999999999994
protein: 8.85
potassium: 387.215
p: 152.365

