Recipe: Braised Red Cabbage
Servings: 4

Ingredients:
2 Tbsp butter
1 yellow onion
2 lbs red cabbage (about 6-8 cups shredded)
1 granny smith apple
1/4 cup apple cider vinegar
1/4 cup water (or more as needed)
1/2 tsp salt
Freshly cracked pepper

Nutrition:
calories: 589.6099999999999
total_fat: 24.32
saturated_fat: 14.749999999999998
cholesterol: 61.06
sodium: 1609.0900000000001
total_carbohydrate: 89.38
dietary_fiber: 28.54
sugars: 45.290000000000006
protein: 15.94
potassium: 2744.9100000000003
p: 360.58

Nutrition per Serving:
calories: 147.40249999999997
total_fat: 6.08
saturated_fat: 3.6874999999999996
cholesterol: 15.265
sodium: 402.27250000000004
total_carbohydrate: 22.345
dietary_fiber: 7.135
sugars: 11.322500000000002
protein: 3.985
potassium: 686.2275000000001
p: 90.145

