Recipe: Broccoli Cheddar Baked Potatoes
Servings: 4

Ingredients:
4 russet potatoes (2 lb. total)
1 Tbsp olive oil
Salt
1/2 lb frozen broccoli florets
3 Tbsp butter
3 Tbsp all-purpose flour
3 cups whole milk
1/2 tsp salt
1/4 tsp garlic powder
6 oz medium cheddar, shredded

Nutrition:
calories: 2397.0
total_fat: 130.57
saturated_fat: 69.92
cholesterol: 333.19000000000005
sodium: 3634.62
total_carbohydrate: 223.51999999999998
dietary_fiber: 24.099999999999998
sugars: 48.52
protein: 88.47
potassium: 5611.079999999999
p: 2070.85

Nutrition per Serving:
calories: 599.25
total_fat: 32.6425
saturated_fat: 17.48
cholesterol: 83.29750000000001
sodium: 908.655
total_carbohydrate: 55.879999999999995
dietary_fiber: 6.0249999999999995
sugars: 12.13
protein: 22.1175
potassium: 1402.7699999999998
p: 517.7125

