Recipe: Broccoli Salad with Honey Yogurt Dressing
Servings: 4

Ingredients:
1/2 cup plain Greek yogurt (2%)
1/4 cup light mayonnaise
1 Tbsp apple cider vinegar
1 Tbsp honey
1/4 tsp salt
Freshly cracked pepper to taste
4 cups broccoli florets (about 2 crowns)
1/4 red onion
1 carrot
1/3 cup dried cranberries
1/4 cup raw sunflower seeds

Nutrition:
calories: 1007.3900000000001
total_fat: 46.37
saturated_fat: 6.529999999999999
cholesterol: 24.869999999999997
sodium: 3825.05
total_carbohydrate: 133.66
dietary_fiber: 28.599999999999998
sugars: 75.81
protein: 34.09
potassium: 2522.79
p: 990.59

Nutrition per Serving:
calories: 251.84750000000003
total_fat: 11.5925
saturated_fat: 1.6324999999999998
cholesterol: 6.217499999999999
sodium: 956.2625
total_carbohydrate: 33.415
dietary_fiber: 7.1499999999999995
sugars: 18.9525
protein: 8.5225
potassium: 630.6975
p: 247.6475

