Recipe: Brown Sugar Bacon Breakfast Sandwiches with Chipotle Mayo
Servings: 4

Ingredients:
4 slices bacon 
2 Tbsp brown sugar 
1/2 cup mayonnaise 
1/2 tsp chipotle chili powder 
1/8 tsp garlic powder 
4 brioche buns 
4 eggs 
1 large tomato 
1 head lettuce* 

Nutrition:
calories: 2626.2000000000003
total_fat: 175.69000000000003
saturated_fat: 56.809999999999995
cholesterol: 1293.83
sodium: 3123.02
total_carbohydrate: 185.87
dietary_fiber: 20.44
sugars: 58.75000000000001
protein: 79.83
potassium: 2918.08
p: 1221.6699999999998

Nutrition per Serving:
calories: 656.5500000000001
total_fat: 43.92250000000001
saturated_fat: 14.202499999999999
cholesterol: 323.4575
sodium: 780.755
total_carbohydrate: 46.4675
dietary_fiber: 5.11
sugars: 14.687500000000002
protein: 19.9575
potassium: 729.52
p: 305.41749999999996

