Recipe: Buttermilk Pull-Apart Rolls from Bread Toast Crumbs
Servings: 4

Ingredients:
2 cups all-purpose flour
1 tsp kosher salt 
1 Tbsp sugar 
1 1/8 tsp instant yeast 
1/2 cup boiling water 
1/2 cup buttermilk* 
3 Tbsp melted butter, divided
Pinch of flakey salt

Nutrition:
calories: 1327.57
total_fat: 38.419999999999995
saturated_fat: 22.98
cholesterol: 96.49000000000001
sodium: 2976.4700000000003
total_carbohydrate: 211.08
dietary_fiber: 7.96
sugars: 19.1
protein: 32.05
potassium: 506.24
p: 417.7900000000001

Nutrition per Serving:
calories: 331.8925
total_fat: 9.604999999999999
saturated_fat: 5.745
cholesterol: 24.122500000000002
sodium: 744.1175000000001
total_carbohydrate: 52.77
dietary_fiber: 1.99
sugars: 4.775
protein: 8.0125
potassium: 126.56
p: 104.44750000000002

