Recipe: Cabbage and Cranberry Salad
Servings: 4

Ingredients:
1/2 head purple cabbage 
1/3 cup dried cranberries 
1/4 cup sunflower seeds 
2 oz. feta, crumbled
1/4 cup champagne vinaigrette 

Nutrition:
calories: 827.0400000000001
total_fat: 47.349999999999994
saturated_fat: 12.71
cholesterol: 50.46
sodium: 3171.95
total_carbohydrate: 93.38000000000001
dietary_fiber: 18.259999999999998
sugars: 65.26
protein: 22.91
potassium: 1609.95
p: 788.51

Nutrition per Serving:
calories: 206.76000000000002
total_fat: 11.837499999999999
saturated_fat: 3.1775
cholesterol: 12.615
sodium: 792.9875
total_carbohydrate: 23.345000000000002
dietary_fiber: 4.5649999999999995
sugars: 16.315
protein: 5.7275
potassium: 402.4875
p: 197.1275

