Recipe: Caramelized Banana and Peanut Butter Quesadilla
Servings: 4

Ingredients:
1 ripe banana
1 small flour tortilla
1 Tbsp peanut butter
1/2 Tbsp butter
1/2 Tbsp brown sugar
Dash of cinnamon

Nutrition:
calories: 431.04
total_fat: 17.560000000000002
saturated_fat: 6.16
cholesterol: 15.27
sodium: 358.78999999999996
total_carbohydrate: 63.71
dietary_fiber: 5.77
sugars: 20.84
protein: 9.139999999999999
potassium: 591.7900000000001
p: 142.45

Nutrition per Serving:
calories: 107.76
total_fat: 4.390000000000001
saturated_fat: 1.54
cholesterol: 3.8175
sodium: 89.69749999999999
total_carbohydrate: 15.9275
dietary_fiber: 1.4425
sugars: 5.21
protein: 2.2849999999999997
potassium: 147.94750000000002
p: 35.6125

