Recipe: Cheddar Grits Breakfast Bowls
Servings: 4

Ingredients:
4 cups water
1 tsp salt
1 cup quick cooking yellow grits*
2 Tbsp butter
1/2 cup whole milk
4 oz medium cheddar, grated
4 large eggs
1 cup salsa
4 green onions, sliced
Freshly cracked pepper

Nutrition:
calories: 1273.87
total_fat: 85.32999999999998
saturated_fat: 44.76
cholesterol: 929.53
sodium: 5482.700000000001
total_carbohydrate: 66.21000000000001
dietary_fiber: 8.7
sugars: 19.490000000000002
protein: 63.28
potassium: 1491.5799999999997
p: 1165.3600000000004

Nutrition per Serving:
calories: 318.4675
total_fat: 21.332499999999996
saturated_fat: 11.19
cholesterol: 232.3825
sodium: 1370.6750000000002
total_carbohydrate: 16.552500000000002
dietary_fiber: 2.175
sugars: 4.8725000000000005
protein: 15.82
potassium: 372.8949999999999
p: 291.3400000000001

