Recipe: Cheesy Scallion Stuffed Jalapeños
Servings: 4

Ingredients:
4 oz. cream cheese 
4 oz. Monterey jack, shredded
1/4 cup sour cream 
3 scallions (green onions), sliced
1 clove garlic, minced
1/4 cup chopped cilantro leaves 
1/2 tsp chili powder
1/8 tsp salt 
12 jalapeños
1 Tbsp cooking oil

Nutrition:
calories: 1129.81
total_fat: 99.46
saturated_fat: 51.47
cholesterol: 249.38
sodium: 1386.6599999999999
total_carbohydrate: 25.72
dietary_fiber: 6.51
sugars: 14.92
protein: 38.940000000000005
potassium: 913.5199999999999
p: 739.43

Nutrition per Serving:
calories: 282.4525
total_fat: 24.865
saturated_fat: 12.8675
cholesterol: 62.345
sodium: 346.66499999999996
total_carbohydrate: 6.43
dietary_fiber: 1.6275
sugars: 3.73
protein: 9.735000000000001
potassium: 228.37999999999997
p: 184.8575

