Recipe: Cheesy Cauliflower and Potato Soup
Servings: 4

Ingredients:
1 yellow onion
1 Tbsp olive oil
1 head cauliflower
1.5 lb. russet potatoes
4 cups vegetable broth
12 oz. evaporated milk
1/2 tsp smoked paprika
1 tsp salt
freshly cracked pepper
4 oz. medium cheddar, shredded
3 green onions*, sliced

Nutrition:
calories: 1990.35
total_fat: 84.36000000000001
saturated_fat: 41.58
cholesterol: 221.89
sodium: 6323.84
total_carbohydrate: 234.26000000000002
dietary_fiber: 32.0
sugars: 68.14000000000001
protein: 84.38
potassium: 6282.5
p: 2028.7800000000002

Nutrition per Serving:
calories: 497.5875
total_fat: 21.090000000000003
saturated_fat: 10.395
cholesterol: 55.4725
sodium: 1580.96
total_carbohydrate: 58.565000000000005
dietary_fiber: 8.0
sugars: 17.035000000000004
protein: 21.095
potassium: 1570.625
p: 507.19500000000005
