Recipe: Cheesy Gnocchi Skillet
Servings: 4

Ingredients:
1 lb. gnocchi 
1 Tbps olive oil $0.16
2 cloves garlic
1/2 lb. frozen chopped greens 
24 oz. jar pasta sauce 
2 Tbsp grated Parmesan 
1 cup shredded mozzarella 

Nutrition:
calories: 1812.66
total_fat: 53.04
saturated_fat: 16.58
cholesterol: 213.41
sodium: 4327.2
total_carbohydrate: 266.81
dietary_fiber: 32.59
sugars: 44.589999999999996
protein: 68.13999999999999
potassium: 4101.01
p: 1244.69

Nutrition per Serving:
calories: 453.165
total_fat: 13.26
saturated_fat: 4.145
cholesterol: 53.3525
sodium: 1081.8
total_carbohydrate: 66.7025
dietary_fiber: 8.1475
sugars: 11.147499999999999
protein: 17.034999999999997
potassium: 1025.2525
p: 311.1725

