Recipe: Chicken and Broccoli Pasta with Lemon Cream Sauce
Servings: 4

Ingredients:
1/2 lb frozen broccoli florets 
1/2 lb rotini pasta $1.30
2 boneless, skinless chicken thighs (about 2/3 lb. total)
Salt and Pepper 
1 Tbsp olive oil 
2 cloves garlic 
1 fresh lemon 
1/2 cup chicken broth 
1 cup heavy cream* 

Nutrition:
calories: 1983.76
total_fat: 122.99000000000001
saturated_fat: 63.87
cholesterol: 544.71
sodium: 86545.84
total_carbohydrate: 156.49000000000004
dietary_fiber: 35.14000000000001
sugars: 14.6
protein: 90.36
potassium: 2879.4599999999996
p: 1033.4

Nutrition per Serving:
calories: 495.94
total_fat: 30.747500000000002
saturated_fat: 15.9675
cholesterol: 136.1775
sodium: 21636.46
total_carbohydrate: 39.12250000000001
dietary_fiber: 8.785000000000002
sugars: 3.65
protein: 22.59
potassium: 719.8649999999999
p: 258.35

