Recipe: Chicken Kale Caesar Wraps
Servings: 4

Ingredients:
1 bunch lacinato kale (about 5 cups chopped)
1 15 oz. can chickpeas 
2 carrots 
1/2 rotisserie chicken (2 cups chopped)
1/4 cup grated Parmesan 
Freshly cracked pepper 
1/4 cup creamy Caesar dressing 
4 large tortillas (burrito size)

Nutrition:
calories: 2000.98
total_fat: 79.64
saturated_fat: 16.619999999999997
cholesterol: 187.93
sodium: 3746.7799999999997
total_carbohydrate: 226.59
dietary_fiber: 39.919999999999995
sugars: 23.560000000000002
protein: 99.89999999999999
potassium: 1829.85
p: 1221.27

Nutrition per Serving:
calories: 500.245
total_fat: 19.91
saturated_fat: 4.154999999999999
cholesterol: 46.9825
sodium: 936.6949999999999
total_carbohydrate: 56.6475
dietary_fiber: 9.979999999999999
sugars: 5.890000000000001
protein: 24.974999999999998
potassium: 457.4625
p: 305.3175

