Recipe: Chimichurri: The Good on Anything and Everything Sauce
Servings: 4

Ingredients:
1/2 cup olive oil 
1/4 cup red wine vinegar 
1 cup Italian (flat leaf) parsley, packed
1/2 cup fresh cilantro, packed
3 cloves garlic 
1 tsp dried oregano* 
1/2 tsp ground cumin 
1/4 tsp red pepper flakes
1/2 tsp salt 

Nutrition:
calories: 1012.0000000000001
total_fat: 108.93
saturated_fat: 15.049999999999999
cholesterol: 0
sodium: 1210.74
total_carbohydrate: 8.900000000000002
dietary_fiber: 3.22
sugars: 0.8
protein: 2.9099999999999997
potassium: 480.25999999999993
p: 65.82

Nutrition per Serving:
calories: 253.00000000000003
total_fat: 27.2325
saturated_fat: 3.7624999999999997
cholesterol: 0.0
sodium: 302.685
total_carbohydrate: 2.2250000000000005
dietary_fiber: 0.805
sugars: 0.2
protein: 0.7274999999999999
potassium: 120.06499999999998
p: 16.455

