Recipe: Chorizo Stuffed Bell Peppers
Servings: 4

Ingredients:
1/2 lb. Mexican Chorizo*
2 cups  cooked rice
10 oz. can diced tomatoes with green chiles
15 oz. can black beans
1/2 Tbsp chili powder
1/4 tsp salt
4 oz.  Monterey jack or cheddar cheese, shredded
2 green onions, sliced
3 large bell peppers

Nutrition:
calories: 2462.14
total_fat: 133.74
saturated_fat: 60.29
cholesterol: 328.48
sodium: 7141.889999999999
total_carbohydrate: 187.35
dietary_fiber: 34.14
sugars: 6.48
protein: 127.11999999999999
potassium: 3089.8499999999995
p: 1650.6899999999998

Nutrition per Serving:
calories: 615.535
total_fat: 33.435
saturated_fat: 15.0725
cholesterol: 82.12
sodium: 1785.4724999999999
total_carbohydrate: 46.8375
dietary_fiber: 8.535
sugars: 1.62
protein: 31.779999999999998
potassium: 772.4624999999999
p: 412.67249999999996

