Recipe: Cinnamon Pita Crisps
Servings: 4

Ingredients:
2 whole whole wheat pita breads
2 Tbsp butter
1/4 tsp  vanilla extract
1 Tbsp sugar
1/2 tsp cinnamon

Nutrition:
calories: 593.7900000000001
total_fat: 25.25
saturated_fat: 14.78
cholesterol: 61.06
sodium: 857.52
total_carbohydrate: 85.28999999999999
dietary_fiber: 8.5
sugars: 16.37
protein: 12.83
potassium: 231.82
p: 238.11

Nutrition per Serving:
calories: 148.44750000000002
total_fat: 6.3125
saturated_fat: 3.695
cholesterol: 15.265
sodium: 214.38
total_carbohydrate: 21.322499999999998
dietary_fiber: 2.125
sugars: 4.0925
protein: 3.2075
potassium: 57.955
p: 59.5275

