Recipe: Coconut Curry Hummus
Servings: 4

Ingredients:
2 15 oz. can chickpeas
2 cloves garlic, minced
1/4 cup tahini
1 lime (2 Tbsp juice, 1/2 tsp zest)
1.5 Tbsp curry powder
1/2 tsp salt
1 cup coconut milk

Nutrition:
calories: 2050.37
total_fat: 105.06
saturated_fat: 49.2
cholesterol: 0
sodium: 3321.66
total_carbohydrate: 227.14
dietary_fiber: 64.3
sugars: 37.35
protein: 77.19
potassium: 2065.5099999999998
p: 1470.85

Nutrition per Serving:
calories: 512.5925
total_fat: 26.265
saturated_fat: 12.3
cholesterol: 0.0
sodium: 830.415
total_carbohydrate: 56.785
dietary_fiber: 16.075
sugars: 9.3375
protein: 19.2975
potassium: 516.3774999999999
p: 367.7125

