Recipe: Colcannon
Servings: 4

Ingredients:
3 lbs russet potatoes
4 Tbsp butter
2 cloves garlic
4 green onions
1/2 head cabbage (6-8 cups shredded)
1/2 cup chicken broth*
1/2 cup whole milk
Salt and pepper to taste

Nutrition:
calories: 1983.0900000000001
total_fat: 52.6
saturated_fat: 31.950000000000003
cholesterol: 136.81
sodium: 1426.68
total_carbohydrate: 339.52
dietary_fiber: 45.050000000000004
sugars: 40.489999999999995
protein: 50.42999999999999
potassium: 9111.660000000002
p: 1327.31

Nutrition per Serving:
calories: 495.77250000000004
total_fat: 13.15
saturated_fat: 7.987500000000001
cholesterol: 34.2025
sodium: 356.67
total_carbohydrate: 84.88
dietary_fiber: 11.262500000000001
sugars: 10.122499999999999
protein: 12.607499999999998
potassium: 2277.9150000000004
p: 331.8275

