Recipe: Creamy Black Bean Taquitos
Servings: 4

Ingredients:
4 oz cream cheese (room temperature)
15 oz can black beans
4 oz can diced green chiles
2 green onions
2-3 dashes hot sauce (optional)
1/8 tsp garlic powder
1/8 tsp salt (or to taste)
15  6 inch corn tortillas
3 Tbsp cooking oil, divided, for frying

Nutrition:
calories: 1996.3500000000001
total_fat: 92.83999999999999
saturated_fat: 27.630000000000003
cholesterol: 114.53
sodium: 2490.14
total_carbohydrate: 250.57
dietary_fiber: 54.540000000000006
sugars: 14.919999999999998
protein: 56.019999999999996
potassium: 2604.49
p: 1776.0100000000002

Nutrition per Serving:
calories: 499.08750000000003
total_fat: 23.209999999999997
saturated_fat: 6.907500000000001
cholesterol: 28.6325
sodium: 622.535
total_carbohydrate: 62.6425
dietary_fiber: 13.635000000000002
sugars: 3.7299999999999995
protein: 14.004999999999999
potassium: 651.1225
p: 444.00250000000005

