Recipe: The Creamiest Green Bean Casserole (with no “Cream Of” soup)
Servings: 4

Ingredients:
1 Tbsp olive oil
8 oz. button mushrooms
2 cloves garlic
None Pinch salt and pepper
3 Tbsp butter
3 Tbsp all-purpose flour
1 cup vegetable broth*
1 cup whole milk 
4 oz. cream cheese
20 oz frozen green beans*
3 oz. fried onions**

Nutrition:
calories: 1642.88
total_fat: 114.5
saturated_fat: 54.73
cholesterol: 230.52
sodium: 2075.82
total_carbohydrate: 131.47
dietary_fiber: 26.12
sugars: 47.849999999999994
protein: 38.14
potassium: 2332.2400000000002
p: 819.4200000000001

Nutrition per Serving:
calories: 410.72
total_fat: 28.625
saturated_fat: 13.6825
cholesterol: 57.63
sodium: 518.955
total_carbohydrate: 32.8675
dietary_fiber: 6.53
sugars: 11.962499999999999
protein: 9.535
potassium: 583.0600000000001
p: 204.85500000000002

