Recipe: Creamy Tuna Pasta with Peas and Parmesan
Servings: 4

Ingredients:
8 oz. pasta
2 Tbsp butter
2 cloves garlic, minced
1 cup frozen peas
1 cup half and half*
1/2 cup shredded Parmesan
12 oz. can solid albicore tuna, drained

Nutrition:
calories: 1469.71
total_fat: 49.49
saturated_fat: 29.68
cholesterol: 278.46000000000004
sodium: 1841.5
total_carbohydrate: 97.54
dietary_fiber: 11.41
sugars: 9.110000000000001
protein: 151.41
potassium: 2176.0699999999997
p: 1990.94

Nutrition per Serving:
calories: 367.4275
total_fat: 12.3725
saturated_fat: 7.42
cholesterol: 69.61500000000001
sodium: 460.375
total_carbohydrate: 24.385
dietary_fiber: 2.8525
sugars: 2.2775000000000003
protein: 37.8525
potassium: 544.0174999999999
p: 497.735

