Recipe: Creamy Pesto Mac with Spinach
Servings: 4

Ingredients:
2 cups uncooked macaroni
2 Tbsp butter
2 Tbsp flour
2 cups whole milk
1/2 cup grated Romano or Parmesan
1/4 cup basil pesto
1/2 tsp salt
Freshly cracked pepper
1/2 lb frozen spinach

Nutrition:
calories: 1525.6999999999998
total_fat: 87.33999999999999
saturated_fat: 38.010000000000005
cholesterol: 170.76000000000002
sodium: 2757.6899999999996
total_carbohydrate: 129.88
dietary_fiber: 14.379999999999999
sugars: 28.01
protein: 61.769999999999996
potassium: 1667.07
p: 1211.6900000000003

Nutrition per Serving:
calories: 381.42499999999995
total_fat: 21.834999999999997
saturated_fat: 9.502500000000001
cholesterol: 42.690000000000005
sodium: 689.4224999999999
total_carbohydrate: 32.47
dietary_fiber: 3.5949999999999998
sugars: 7.0025
protein: 15.442499999999999
potassium: 416.7675
p: 302.92250000000007

