Recipe: Creamy Garlic Mushroom Soup
Servings: 4

Ingredients:
1 lb. baby bella mushrooms 
1 Tbsp olive oil
3 cloves garlic, minced
None Pinch salt & pepper
2 Tbsp butter
1/4 cup all-purpose flour
2 cups vegetable broth*
2  cups water
1/8 tsp dried thyme
1/2 cup heavy cream**
1 tsp soy sauce

Nutrition:
calories: 1011.53
total_fat: 82.32
saturated_fat: 44.34
cholesterol: 195.53
sodium: 1943.3700000000003
total_carbohydrate: 59.00000000000001
dietary_fiber: 11.12
sugars: 16.799999999999997
protein: 18.72
potassium: 1917.53
p: 540.39

Nutrition per Serving:
calories: 252.8825
total_fat: 20.58
saturated_fat: 11.085
cholesterol: 48.8825
sodium: 485.8425000000001
total_carbohydrate: 14.750000000000002
dietary_fiber: 2.78
sugars: 4.199999999999999
protein: 4.68
potassium: 479.3825
p: 135.0975

