Recipe: Crispy Baked Honey Sriracha Chicken Drumsticks
Servings: 4

Ingredients:
6 chicken drumsticks (about 1.75 lbs.)
Pinch of salt and pepper
2 Tbsp cornstarch
1/4 cup sriracha
2 Tbsp butter
2 Tbsp honey

Nutrition:
calories: 1469.7700000000002
total_fat: 72.87
saturated_fat: 27.95
cholesterol: 754.48
sodium: 2506.65
total_carbohydrate: 64.25
dietary_fiber: 1.97
sugars: 46.3
protein: 133.12999999999997
potassium: 1722.6599999999999
p: 1149.5800000000002

Nutrition per Serving:
calories: 367.44250000000005
total_fat: 18.2175
saturated_fat: 6.9875
cholesterol: 188.62
sodium: 626.6625
total_carbohydrate: 16.0625
dietary_fiber: 0.4925
sugars: 11.575
protein: 33.28249999999999
potassium: 430.66499999999996
p: 287.39500000000004

