Recipe: Cumin Rice
Servings: 4

Ingredients:
1 Tbsp butter
2 tsp cumin seeds
1.5 cups long grain jasmine rice
1 clove garlic
1/2 tsp salt
3 cups water

Nutrition:
calories: 430.13000000000005
total_fat: 13.139999999999999
saturated_fat: 7.529999999999999
cholesterol: 30.53
sodium: 1292.4
total_carbohydrate: 69.62
dietary_fiber: 1.45
sugars: 0.24999999999999997
protein: 7.44
potassium: 173.73
p: 130.87

Nutrition per Serving:
calories: 107.53250000000001
total_fat: 3.2849999999999997
saturated_fat: 1.8824999999999998
cholesterol: 7.6325
sodium: 323.1
total_carbohydrate: 17.405
dietary_fiber: 0.3625
sugars: 0.06249999999999999
protein: 1.86
potassium: 43.4325
p: 32.7175

