Recipe: Curried Red Lentil and Pumpkin Soup
Servings: 4

Ingredients:
1 Tbsp olive oil 
1 yellow onion 
2 cloves garlic 
1 Tbsp grated fresh ginger 
15 oz. can pumpkin purée 
1 cup dry red lentils 
6 cups vegetable or chicken broth* 
1 Tbsp curry powder (or to taste)

Nutrition:
calories: 1256.0600000000002
total_fat: 22.380000000000003
saturated_fat: 3.44
cholesterol: 4.98
sodium: 1210.72
total_carbohydrate: 218.0
dietary_fiber: 55.37
sugars: 36.7
protein: 67.57000000000001
potassium: 4365.259999999999
p: 1110.6299999999999

Nutrition per Serving:
calories: 314.01500000000004
total_fat: 5.595000000000001
saturated_fat: 0.86
cholesterol: 1.245
sodium: 302.68
total_carbohydrate: 54.5
dietary_fiber: 13.8425
sugars: 9.175
protein: 16.892500000000002
potassium: 1091.3149999999998
p: 277.65749999999997

