Recipe: Curried Tofu Salad
Servings: 4

Ingredients:
1/4 cup mayonnaise
1/4  cup plain Greek yogurt
1 tsp lemon juice
1  tsp Dijon mustard
1 tsp honey
1/2 Tbsp curry powder
1/2  tsp salt
1/4 cup chopped cilantro
14 oz. extra firm tofu

Nutrition:
calories: 773.3700000000001
total_fat: 62.900000000000006
saturated_fat: 10.22
cholesterol: 25.93
sodium: 1688.27
total_carbohydrate: 15.309999999999999
dietary_fiber: 6.02
sugars: 10.989999999999998
protein: 46.68
potassium: 681.84
p: 548.4300000000001

Nutrition per Serving:
calories: 193.34250000000003
total_fat: 15.725000000000001
saturated_fat: 2.555
cholesterol: 6.4825
sodium: 422.0675
total_carbohydrate: 3.8274999999999997
dietary_fiber: 1.505
sugars: 2.7474999999999996
protein: 11.67
potassium: 170.46
p: 137.10750000000002

