Recipe: Dilly Vegetable Dip
Servings: 4

Ingredients:
1/2 cup sour cream
1/4 tsp lemon pepper
1/4 tsp salt
1/16 tsp garlic powder
1 tsp chopped fresh dill

Nutrition:
calories: 229.46
total_fat: 22.26
saturated_fat: 11.67
cholesterol: 67.85
sodium: 841.71
total_carbohydrate: 5.739999999999999
dietary_fiber: 0.13
sugars: 3.92
protein: 2.8899999999999997
potassium: 153.1
p: 88.96000000000001

Nutrition per Serving:
calories: 57.365
total_fat: 5.565
saturated_fat: 2.9175
cholesterol: 16.9625
sodium: 210.4275
total_carbohydrate: 1.4349999999999998
dietary_fiber: 0.0325
sugars: 0.98
protein: 0.7224999999999999
potassium: 38.275
p: 22.240000000000002

