Recipe: Double Spinach Artichoke Dip
Servings: 4

Ingredients:
2 10 oz. packages frozen chopped spinach, thawed
14 oz.  quartered artichoke hearts
6 oz. shredded mozzarella, divided
1/4 cup grated Parmesan
pinch red pepper flakes
2 Tbsp butter
2 cloves garlic, minced
8 oz. cream cheese
1/2 cup sour cream
1/4 cup mayonnaise
2 dashes hot sauce 

Nutrition:
calories: 2571.42
total_fat: 207.94
saturated_fat: 102.44
cholesterol: 513.15
sodium: 3558.2200000000003
total_carbohydrate: 106.11
dietary_fiber: 36.39000000000001
sugars: 23.060000000000002
protein: 93.54
potassium: 4534.139999999999
p: 2035.5400000000002

Nutrition per Serving:
calories: 642.855
total_fat: 51.985
saturated_fat: 25.61
cholesterol: 128.2875
sodium: 889.5550000000001
total_carbohydrate: 26.5275
dietary_fiber: 9.097500000000002
sugars: 5.765000000000001
protein: 23.385
potassium: 1133.5349999999999
p: 508.88500000000005

