Recipe: Easiest Burrito Bowl Meal Prep
Servings: 4

Ingredients:
4 cups cooked rice.
1 lb. ground turkey or beef
taco seasoning*
1 cup frozen corn kernels
1 15 oz. can black beans
4 oz. cheese (about 1 cup shredded)
1 1/3 cup salsa
2 green onions

Nutrition:
calories: 3108.0699999999997
total_fat: 122.81
saturated_fat: 43.31999999999999
cholesterol: 593.08
sodium: 5636.1
total_carbohydrate: 311.6
dietary_fiber: 43.550000000000004
sugars: 23.759999999999998
protein: 193.61
potassium: 4282.8
p: 2679.67

Nutrition per Serving:
calories: 777.0174999999999
total_fat: 30.7025
saturated_fat: 10.829999999999998
cholesterol: 148.27
sodium: 1409.025
total_carbohydrate: 77.9
dietary_fiber: 10.887500000000001
sugars: 5.9399999999999995
protein: 48.4025
potassium: 1070.7
p: 669.9175

