Recipe: Easy Homemade Egg Drop Soup
Servings: 4

Ingredients:
8 oz. mushrooms 
3 green onions 
1 Tbsp fresh grated ginger 
1 Tbsp cooking oil 
4 cups chicken broth* 
2 cups water 
1 Tbsp soy sauce 
1 Tbsp cornstarch 
2 large eggs 
2 cups fresh baby spinach, optional

Nutrition:
calories: 463.9800000000001
total_fat: 27.140000000000004
saturated_fat: 4.39
cholesterol: 391.92
sodium: 4795.95
total_carbohydrate: 32.18
dietary_fiber: 7.8500000000000005
sugars: 11.459999999999999
protein: 27.86
potassium: 1688.81
p: 511.7

Nutrition per Serving:
calories: 115.99500000000002
total_fat: 6.785000000000001
saturated_fat: 1.0975
cholesterol: 97.98
sodium: 1198.9875
total_carbohydrate: 8.045
dietary_fiber: 1.9625000000000001
sugars: 2.8649999999999998
protein: 6.965
potassium: 422.2025
p: 127.925

