Recipe: Easy Cheesy Broccoli Rice
Servings: 4

Ingredients:
1 lb. frozen broccoli florets, thawed
2  cups long grain rice
2 Tbsp butter
1/2 tsp salt
1/4 tsp garlic powder
1/8 tsp cayenne pepper (optional)
Freshly cracked pepper
1/4 cup grated Parmesan
1 cup shredded sharp cheddar

Nutrition:
calories: 1817.1
total_fat: 109.56
saturated_fat: 63.0
cholesterol: 307.09000000000003
sodium: 3447.06
total_carbohydrate: 132.07000000000002
dietary_fiber: 16.939999999999998
sugars: 7.159999999999998
protein: 82.05
potassium: 1708.2199999999998
p: 1654.11

Nutrition per Serving:
calories: 454.275
total_fat: 27.39
saturated_fat: 15.75
cholesterol: 76.77250000000001
sodium: 861.765
total_carbohydrate: 33.017500000000005
dietary_fiber: 4.234999999999999
sugars: 1.7899999999999996
protein: 20.5125
potassium: 427.05499999999995
p: 413.5275

