Recipe: Easy Homemade Teriyaki Sauce or Marinade
Servings: 4

Ingredients:
1/4 cup soy sauce
3  Tbsp brown sugar
1  clove garlic, minced
1 tsp fresh grated ginger
1 Tbsp water
1 Tbsp cornstarch
1/2 cup water

Nutrition:
calories: 196.21999999999997
total_fat: 0.4
saturated_fat: 0.05
cholesterol: 0
sodium: 3517.8800000000006
total_carbohydrate: 44.28
dietary_fiber: 0.6800000000000002
sugars: 32.46
protein: 5.48
potassium: 341.94
p: 113.47000000000001

Nutrition per Serving:
calories: 49.05499999999999
total_fat: 0.1
saturated_fat: 0.0125
cholesterol: 0.0
sodium: 879.4700000000001
total_carbohydrate: 11.07
dietary_fiber: 0.17000000000000004
sugars: 8.115
protein: 1.37
potassium: 85.485
p: 28.367500000000003

