Recipe: Easy Taco Rice
Servings: 4

Ingredients:
2 Tbsp cooking oil
1 small onion
1 clove garlic
2 cups  long grain white rice*
1/2 Tbsp chili powder**
1/2 tsp cumin
1/4 tsp oregano
3 cups water
1 tsp salt
2 green onions, sliced

Nutrition:
calories: 714.94
total_fat: 29.88
saturated_fat: 2.2199999999999998
cholesterol: 0
sodium: 2480.69
total_carbohydrate: 100.98999999999998
dietary_fiber: 4.59
sugars: 4.05
protein: 10.82
potassium: 406.69000000000005
p: 190.33

Nutrition per Serving:
calories: 178.735
total_fat: 7.47
saturated_fat: 0.5549999999999999
cholesterol: 0.0
sodium: 620.1725
total_carbohydrate: 25.247499999999995
dietary_fiber: 1.1475
sugars: 1.0125
protein: 2.705
potassium: 101.67250000000001
p: 47.5825

