Recipe: Eggplant Parmesan Pasta
Servings: 4

Ingredients:
1 small eggplant (1 lb.)
1/2 Tbsp salt 
1/3 cup flour 
1 large egg 
2 Tbsp milk 
1/2 cup plain breadcrumbs 
1/4 cup grated Parmesan 
1/4 tsp garlic powder 
8 oz. rigatoni 
24 oz. pasta sauce 
1 cup shredded mozzarella 

Nutrition:
calories: 1725.1200000000001
total_fat: 48.39
saturated_fat: 18.67
cholesterol: 281.69
sodium: 8476.87
total_carbohydrate: 249.75
dietary_fiber: 32.75
sugars: 59.6
protein: 74.13
potassium: 3601.77
p: 1350.6699999999998

Nutrition per Serving:
calories: 431.28000000000003
total_fat: 12.0975
saturated_fat: 4.6675
cholesterol: 70.4225
sodium: 2119.2175
total_carbohydrate: 62.4375
dietary_fiber: 8.1875
sugars: 14.9
protein: 18.5325
potassium: 900.4425
p: 337.66749999999996

