Recipe: Eggs Florentine Breakfast Pizza
Servings: 4

Ingredients:
1 Tbsp butter 
1 Tbsp all-purpose flour 
1 cup whole milk 
1/8 tsp garlic powder 
1/4 tsp salt 
1/2 batch Thin and Crispy Pizza Crust* 
1/4 lb. frozen spinach, thawed (about 1 to 1.5 cups) 
1 cup shredded mozzarella 
4 large eggs 
Freshly cracked pepper 
1/2 Tbsp cornmeal (for pizza pan--optional)

Nutrition:
calories: 2582.32
total_fat: 97.6
saturated_fat: 37.25
cholesterol: 873.0200000000001
sodium: 4777.34
total_carbohydrate: 316.93000000000006
dietary_fiber: 17.810000000000002
sugars: 24.47
protein: 106.11999999999999
potassium: 1687.6
p: 1752.5300000000002

Nutrition per Serving:
calories: 645.58
total_fat: 24.4
saturated_fat: 9.3125
cholesterol: 218.25500000000002
sodium: 1194.335
total_carbohydrate: 79.23250000000002
dietary_fiber: 4.452500000000001
sugars: 6.1175
protein: 26.529999999999998
potassium: 421.9
p: 438.13250000000005

