Recipe: Enfrijoladas – Tortillas in Black Bean Sauce
Servings: 4

Ingredients:
2 15 oz cans black beans, drained
2 chipotle peppers in adobo sauce (1 Tbsp sauce)
1 small sweet onion, divided
1/2 tsp cumin
1/4 tsp garlic powder
2 cups chicken or vegetable broth*
12 corn tortillas
1/4 bunch cilantro
4 oz cheese**

Nutrition:
calories: 2845.46
total_fat: 87.2
saturated_fat: 33.92
cholesterol: 366.26
sodium: 1801.93
total_carbohydrate: 340.55
dietary_fiber: 93.21
sugars: 8.599999999999998
protein: 183.97
potassium: 4400.910000000001
p: 3125.0200000000004

Nutrition per Serving:
calories: 711.365
total_fat: 21.8
saturated_fat: 8.48
cholesterol: 91.565
sodium: 450.4825
total_carbohydrate: 85.1375
dietary_fiber: 23.3025
sugars: 2.1499999999999995
protein: 45.9925
potassium: 1100.2275000000002
p: 781.2550000000001

