Recipe: Easy Homemade Cornbread
Servings: 4

Ingredients:
1 cup yellow cornmeal
1 cup all-purpose flour
1/4 cup sugar
4 tsp baking powder
1/2 tsp salt
1 cup milk
1 large egg
1/4 cup vegetable or canola oil

Nutrition:
calories: 1408.9499999999998
total_fat: 26.849999999999998
saturated_fat: 4.96
cholesterol: 198.2
sodium: 3348.0600000000004
total_carbohydrate: 259.26
dietary_fiber: 13.369999999999997
sugars: 64.80999999999999
protein: 37.92
potassium: 997.5799999999999
p: 1177.15

Nutrition per Serving:
calories: 352.23749999999995
total_fat: 6.7124999999999995
saturated_fat: 1.24
cholesterol: 49.55
sodium: 837.0150000000001
total_carbohydrate: 64.815
dietary_fiber: 3.3424999999999994
sugars: 16.202499999999997
protein: 9.48
potassium: 249.39499999999998
p: 294.2875

