Recipe: Freezer Ready Mini Pizzas
Servings: 4

Ingredients:
6 English Muffins
3/4 cup pizza sauce
1.5 cups shredded mozzarella
Salad Bar Vegetables*

Nutrition:
calories: 1377.0500000000002
total_fat: 34.11000000000001
saturated_fat: 16.620000000000005
cholesterol: 83.85
sodium: 3187.54
total_carbohydrate: 200.21
dietary_fiber: 18.67
sugars: 14.7
protein: 64.75999999999999
potassium: 1681.12
p: 1315.8400000000001

Nutrition per Serving:
calories: 344.26250000000005
total_fat: 8.527500000000002
saturated_fat: 4.155000000000001
cholesterol: 20.9625
sodium: 796.885
total_carbohydrate: 50.0525
dietary_fiber: 4.6675
sugars: 3.675
protein: 16.189999999999998
potassium: 420.28
p: 328.96000000000004

