Recipe: French Bread Pizza
Servings: 4

Ingredients:
1 French loaf
1/2 cup pizza sauce
4 oz. shredded mozzarella (about 1 cup shredded)
toppings of your choice

Nutrition:
calories: 586.86
total_fat: 25.36
saturated_fat: 13.93
cholesterol: 73.71
sodium: 1597.15
total_carbohydrate: 53.25
dietary_fiber: 3.9299999999999997
sugars: 10.26
protein: 36.43
potassium: 669.47
p: 739.1600000000001

Nutrition per Serving:
calories: 146.715
total_fat: 6.34
saturated_fat: 3.4825
cholesterol: 18.4275
sodium: 399.2875
total_carbohydrate: 13.3125
dietary_fiber: 0.9824999999999999
sugars: 2.565
protein: 9.1075
potassium: 167.3675
p: 184.79000000000002

