Recipe: Garlic Toast with Balsamic Tomatoes and White Beans
Servings: 4

Ingredients:
4 slices hearty bread
1 large clove garlic
2 Tbsp olive oil
1 pint grape tomatoes
2 Tbsp balsamic vinegar
1/8 tsp  dried rosemary
1 Tbsp butter
None pinch salt
15 oz. can Cannellini beans
2 tsp Parmesan

Nutrition:
calories: 1258.19
total_fat: 45.56999999999999
saturated_fat: 12.870000000000001
cholesterol: 33.76
sodium: 2369.02
total_carbohydrate: 170.19000000000003
dietary_fiber: 27.46
sugars: 20.930000000000003
protein: 46.03
potassium: 2853.12
p: 617.9200000000001

Nutrition per Serving:
calories: 314.5475
total_fat: 11.392499999999998
saturated_fat: 3.2175000000000002
cholesterol: 8.44
sodium: 592.255
total_carbohydrate: 42.54750000000001
dietary_fiber: 6.865
sugars: 5.232500000000001
protein: 11.5075
potassium: 713.28
p: 154.48000000000002

