Recipe: Garlic Parmesan Kale Pasta Meal Prep
Servings: 4

Ingredients:
1/4 cup olive oil
1/4 cup lemon juice
3 cloves garlic, minced
1/2  Tbsp dried oregano
1/2 tsp salt
Freshly cracked pepper
1.5 lbs. boneless skinless chicken breasts*

Nutrition:
calories: 1635.1200000000001
total_fat: 78.53999999999999
saturated_fat: 14.42
cholesterol: 578.33
sodium: 1684.47
total_carbohydrate: 9.33
dietary_fiber: 2.09
sugars: 1.12
protein: 212.33
potassium: 1902.18
p: 1577.28

Nutrition per Serving:
calories: 408.78000000000003
total_fat: 19.634999999999998
saturated_fat: 3.605
cholesterol: 144.5825
sodium: 421.1175
total_carbohydrate: 2.3325
dietary_fiber: 0.5225
sugars: 0.28
protein: 53.0825
potassium: 475.545
p: 394.32

