Recipe: Garlic Parmesan Polenta
Servings: 4

Ingredients:
1 cup yellow cornmeal
3.5 cups water
3/4 tsp salt
2 Tbsp butter
1/4 cup grated Parmesan
1/4 tsp garlic powder
1 Tbsp canola or vegetable oil

Nutrition:
calories: 873.0600000000001
total_fat: 47.989999999999995
saturated_fat: 20.06
cholesterol: 82.56
sodium: 2454.0299999999997
total_carbohydrate: 97.87
dietary_fiber: 8.98
sugars: 0.8400000000000001
protein: 17.39
potassium: 411.57
p: 460.79999999999995

Nutrition per Serving:
calories: 218.26500000000001
total_fat: 11.997499999999999
saturated_fat: 5.015
cholesterol: 20.64
sodium: 613.5074999999999
total_carbohydrate: 24.4675
dietary_fiber: 2.245
sugars: 0.21000000000000002
protein: 4.3475
potassium: 102.8925
p: 115.19999999999999

