Recipe: Garlicky Kale and Ricotta Pizza
Servings: 4

Ingredients:
1 Tbsp olive oil 
1 clove garlic, minced
6 cups torn kale leaves
1 large pizza dough*
1 Tbsp olive oil
1/4 tsp garlic powder
1 cup whole milk ricotta
1 cup shredded mozzarella

Nutrition:
calories: 1226.8400000000001
total_fat: 80.51
saturated_fat: 34.599999999999994
cholesterol: 181.87
sodium: 1076.51
total_carbohydrate: 72.75999999999999
dietary_fiber: 16.23
sugars: 12.979999999999999
protein: 65.03
potassium: 2191.59
p: 1097.21

Nutrition per Serving:
calories: 306.71000000000004
total_fat: 20.1275
saturated_fat: 8.649999999999999
cholesterol: 45.4675
sodium: 269.1275
total_carbohydrate: 18.189999999999998
dietary_fiber: 4.0575
sugars: 3.2449999999999997
protein: 16.2575
potassium: 547.8975
p: 274.3025

