Recipe: German Potato Salad
Servings: 4

Ingredients:
2 lbs. small red potatoes 
1/3 cup apple cider vinegar 
1 Tbsp coarse ground mustard 
1 Tbsp white sugar 
Freshly cracked pepper 
1/2 tsp salt (plus more for the potato water)
3 oz. bacon 
1 small yellow onion 
1/4 cup chopped fresh parsley 

Nutrition:
calories: 1501.01
total_fat: 33.99999999999999
saturated_fat: 10.68
cholesterol: 84.2
sodium: 2736.69
total_carbohydrate: 239.32
dietary_fiber: 22.829999999999995
sugars: 31.26
protein: 57.2
potassium: 6611.929999999999
p: 1196.06

Nutrition per Serving:
calories: 375.2525
total_fat: 8.499999999999998
saturated_fat: 2.67
cholesterol: 21.05
sodium: 684.1725
total_carbohydrate: 59.83
dietary_fiber: 5.707499999999999
sugars: 7.815
protein: 14.3
potassium: 1652.9824999999998
p: 299.015

