Recipe: Golden Milk Overnight Oats
Servings: 4

Ingredients:
1/3 cup rolled oats
2/3 cup milk
1/4 tsp turmeric
1/8  tsp cinnamon
1 pinch cloves
1/8 tsp vanilla
1/2 tsp honey
1 pinch salt

Nutrition:
calories: 200.99
total_fat: 4.9399999999999995
saturated_fat: 2.2799999999999994
cholesterol: 13.13
sodium: 219.94
total_carbohydrate: 30.119999999999997
dietary_fiber: 3.1099999999999994
sugars: 3.25
protein: 9.34
potassium: 383.91999999999996
p: 276.85999999999996

Nutrition per Serving:
calories: 50.2475
total_fat: 1.2349999999999999
saturated_fat: 0.5699999999999998
cholesterol: 3.2825
sodium: 54.985
total_carbohydrate: 7.529999999999999
dietary_fiber: 0.7774999999999999
sugars: 0.8125
protein: 2.335
potassium: 95.97999999999999
p: 69.21499999999999

