Recipe: Grape Feta and Bacon Salad with Creamy Dijon Dressing
Servings: 4

Ingredients:
1/2 cup mayonnaise 
3 Tbsp apple cider vinegar 
2 Tbsp honey 
1 Tbsp Dijon mustard 
1/4 tsp salt 
Freshly cracked pepper 
1 head Romaine lettuce 
1 cup red seedless grapes 
1/4 red onion 
2 oz. feta, crumbled
3 oz. bacon 

Nutrition:
calories: 1668.87
total_fat: 127.0
saturated_fat: 31.909999999999997
cholesterol: 180.86
sodium: 3695.3500000000004
total_carbohydrate: 92.13
dietary_fiber: 16.119999999999997
sugars: 69.7
protein: 48.03
potassium: 2464.1000000000004
p: 796.1300000000001

Nutrition per Serving:
calories: 417.2175
total_fat: 31.75
saturated_fat: 7.977499999999999
cholesterol: 45.215
sodium: 923.8375000000001
total_carbohydrate: 23.0325
dietary_fiber: 4.029999999999999
sugars: 17.425
protein: 12.0075
potassium: 616.0250000000001
p: 199.03250000000003

