Recipe: Green Chile Migas
Servings: 4

Ingredients:
6 corn tortillas
1/2 Tbsp cooking oil 
2 Tbsp butter
8 large eggs
4 oz can diced green chiles
1/4 cup sour cream
2 oz. queso fresco or Monterey jack
2 green onions
None Pinch salt & pepper

Nutrition:
calories: 1595.6999999999998
total_fat: 105.69000000000001
saturated_fat: 46.809999999999995
cholesterol: 1647.33
sodium: 1515.68
total_carbohydrate: 84.69999999999999
dietary_fiber: 11.569999999999999
sugars: 12.670000000000002
protein: 80.12
potassium: 1463.97
p: 1702.22

Nutrition per Serving:
calories: 398.92499999999995
total_fat: 26.422500000000003
saturated_fat: 11.702499999999999
cholesterol: 411.8325
sodium: 378.92
total_carbohydrate: 21.174999999999997
dietary_fiber: 2.8924999999999996
sugars: 3.1675000000000004
protein: 20.03
potassium: 365.9925
p: 425.555

