Recipe: Halusky (Cabbage and Noodles)
Servings: 4

Ingredients:
8 oz. wide egg noodles 
3 Tbsp butter, divided 
1 yellow onion 
1/2 head green cabbage, shredded (5-6 cups)
Salt and pepper to taste 

Nutrition:
calories: 809.2500000000001
total_fat: 39.86
saturated_fat: 22.88
cholesterol: 157.36
sodium: 2111.5
total_carbohydrate: 102.51
dietary_fiber: 16.470000000000002
sugars: 23.000000000000004
protein: 20.13
potassium: 1512.55
p: 426.45000000000005

Nutrition per Serving:
calories: 202.31250000000003
total_fat: 9.965
saturated_fat: 5.72
cholesterol: 39.34
sodium: 527.875
total_carbohydrate: 25.6275
dietary_fiber: 4.117500000000001
sugars: 5.750000000000001
protein: 5.0325
potassium: 378.1375
p: 106.61250000000001

