Recipe: Ham and Cheese Biscuits
Servings: 4

Ingredients:
2.5 cups  all-purpose flour (plus a little for dusting)
1 tsp salt
1/2 Tbsp sugar
4 tsp baking powder
1 pint heavy cream*
6 slices cheese
12 slices deli ham 

Nutrition:
calories: 3695.41
total_fat: 238.82000000000002
saturated_fat: 143.6
cholesterol: 796.8
sodium: 8347.51
total_carbohydrate: 269.33000000000004
dietary_fiber: 8.479999999999999
sugars: 21.849999999999998
protein: 121.78
potassium: 2007.68
p: 2361.35

Nutrition per Serving:
calories: 923.8525
total_fat: 59.705000000000005
saturated_fat: 35.9
cholesterol: 199.2
sodium: 2086.8775
total_carbohydrate: 67.33250000000001
dietary_fiber: 2.1199999999999997
sugars: 5.4624999999999995
protein: 30.445
potassium: 501.92
p: 590.3375

