Recipe: Harissa Roasted Vegetables
Servings: 4

Ingredients:
1/4 cup harissa (paste)
2 Tbsp olive oil 
1/2 Tbsp honey
1/2 tsp salt 
1 Tbsp lemon juice 
6 small red potatoes (1-1.5 lbs.)
1 broccoli crown 
3 carrots 
1 small red onion 
Handful chopped fresh cilantro 

Nutrition:
calories: 1296.1200000000001
total_fat: 43.23
saturated_fat: 5.459999999999999
cholesterol: 0
sodium: 2301.26
total_carbohydrate: 208.97000000000003
dietary_fiber: 29.86
sugars: 29.57
protein: 26.59
potassium: 5955.670000000001
p: 788.6899999999999

Nutrition per Serving:
calories: 324.03000000000003
total_fat: 10.8075
saturated_fat: 1.3649999999999998
cholesterol: 0.0
sodium: 575.315
total_carbohydrate: 52.24250000000001
dietary_fiber: 7.465
sugars: 7.3925
protein: 6.6475
potassium: 1488.9175000000002
p: 197.17249999999999

