Recipe: Herb Roasted Chicken Breasts
Servings: 4

Ingredients:
3 Tbsp room temperature butter
2 cloves garlic, minced
1 tsp dried basil
1 tsp dried thyme
1 tsp dried rosemary
1/2 tsp salt
Freshly cracked pepper (about 10 cranks of a mill)
2 split chicken breasts* (about 3 lbs. total)

Nutrition:
calories: 725.88
total_fat: 43.53
saturated_fat: 24.480000000000004
cholesterol: 295.59000000000003
sodium: 1617.8
total_carbohydrate: 5.52
dietary_fiber: 2.06
sugars: 0.14
protein: 75.84
potassium: 728.3399999999999
p: 576.36

Nutrition per Serving:
calories: 181.47
total_fat: 10.8825
saturated_fat: 6.120000000000001
cholesterol: 73.89750000000001
sodium: 404.45
total_carbohydrate: 1.38
dietary_fiber: 0.515
sugars: 0.035
protein: 18.96
potassium: 182.08499999999998
p: 144.09

