Recipe: Herb Butter Chicken Thighs
Servings: 4

Ingredients:
5 boneless skinless chicken thighs (about 1/3 lb. each)
pinch salt and pepper
1 Tbsp olive oil
2 cloves garlic, minced
1/2 Tbsp Italian seasoning herb blend
1/2 cup chicken broth*
1 Tbsp butter
handful fresh parsley, chopped (optional garnish)

Nutrition:
calories: 1291.98
total_fat: 70.74000000000001
saturated_fat: 23.4
cholesterol: 716.22
sodium: 43706.33999999999
total_carbohydrate: 34.97
dietary_fiber: 13.840000000000003
sugars: 1.53
protein: 143.61000000000004
potassium: 2500.229999999999
p: 1257.9200000000003

Nutrition per Serving:
calories: 322.995
total_fat: 17.685000000000002
saturated_fat: 5.85
cholesterol: 179.055
sodium: 10926.584999999997
total_carbohydrate: 8.7425
dietary_fiber: 3.460000000000001
sugars: 0.3825
protein: 35.90250000000001
potassium: 625.0574999999998
p: 314.4800000000001

