Recipe: Hoisin Tofu Lettuce Cups
Servings: 4

Ingredients:
14 oz. extra firm tofu
1/4 tsp salt
2 Tbsp cornstarch
2 Tbsp cooking oil
1/2 cup hoisin sauce
2 green onions
1 carrot
1/4 cup peanuts
1 cup cooked rice 
1 head lettuce*

Nutrition:
calories: 1471.2900000000002
total_fat: 73.82
saturated_fat: 9.399999999999999
cholesterol: 3.84
sodium: 2898.68
total_carbohydrate: 154.55
dietary_fiber: 26.700000000000003
sugars: 49.32000000000001
protein: 65.63
potassium: 2692.7200000000003
p: 904.4199999999998

Nutrition per Serving:
calories: 367.82250000000005
total_fat: 18.455
saturated_fat: 2.3499999999999996
cholesterol: 0.96
sodium: 724.67
total_carbohydrate: 38.6375
dietary_fiber: 6.675000000000001
sugars: 12.330000000000002
protein: 16.4075
potassium: 673.1800000000001
p: 226.10499999999996

