Recipe: Homemade Pineapple Orange Julius
Servings: 4

Ingredients:
1/4 cup orange juice concentrate 
1/2 cup frozen pineapple 
1/2 tsp vanilla extract 
1 Tbsp sugar* 
1 cup whole milk 

Nutrition:
calories: 405.75
total_fat: 8.209999999999999
saturated_fat: 4.6
cholesterol: 24.4
sodium: 112.28
total_carbohydrate: 74.78
dietary_fiber: 2.0100000000000002
sugars: 70.4
protein: 9.75
potassium: 859.94
p: 249.95000000000002

Nutrition per Serving:
calories: 101.4375
total_fat: 2.0524999999999998
saturated_fat: 1.15
cholesterol: 6.1
sodium: 28.07
total_carbohydrate: 18.695
dietary_fiber: 0.5025000000000001
sugars: 17.6
protein: 2.4375
potassium: 214.985
p: 62.487500000000004

