Recipe: Homemade Salted Caramel Iced Coffee
Servings: 4

Ingredients:
1 cup granulated sugar
1/4 cup water
3/4 cup heavy cream
3 Tbsp butter*
1/2 tsp fine sea salt
1/2 tsp vanilla extract
5-6 cups strong coffee

Nutrition:
calories: 1763.48
total_fat: 100.37
saturated_fat: 63.129999999999995
cholesterol: 293.3
sodium: 1631.6100000000001
total_carbohydrate: 205.15
dietary_fiber: 0
sugars: 205.11
protein: 13.96
potassium: 3670.7200000000003
p: 327.15999999999997

Nutrition per Serving:
calories: 440.87
total_fat: 25.0925
saturated_fat: 15.782499999999999
cholesterol: 73.325
sodium: 407.90250000000003
total_carbohydrate: 51.2875
dietary_fiber: 0.0
sugars: 51.2775
protein: 3.49
potassium: 917.6800000000001
p: 81.78999999999999

