Recipe: Homemade Chili Seasoning
Servings: 4

Ingredients:
1 Tbsp chili powder
1 tsp ground cumin
1/4 tsp cayenne pepper
1/4 tsp garlic powder
1/2 tsp onion powder
1 tsp salt
1/4 tsp approximately freshly ground pepper

Nutrition:
calories: 45.06
total_fat: 1.79
saturated_fat: 0.28
cholesterol: 0
sodium: 2560.38
total_carbohydrate: 8.33
dietary_fiber: 4.03
sugars: 0.8
protein: 2.0200000000000005
potassium: 258.71
p: 46.980000000000004

Nutrition per Serving:
calories: 11.265
total_fat: 0.4475
saturated_fat: 0.07
cholesterol: 0.0
sodium: 640.095
total_carbohydrate: 2.0825
dietary_fiber: 1.0075
sugars: 0.2
protein: 0.5050000000000001
potassium: 64.6775
p: 11.745000000000001

