Recipe: Homemade Cheesy Garlic Bread
Servings: 4

Ingredients:
3/4 cup warm water
1 Tbsp sugar 
2 tsp  Active Dry or instant yeast
1 Tbsp olive oil
2 cups all-purpose flour (plus some for dusting)
1/2 Tbsp salt 
2 Tbsp cornmeal
2 Tbsp butter
1 clove garlic, minced
1 Tbsp grated Parmesan
1 cup shredded cheese*

Nutrition:
calories: 1844.74
total_fat: 79.2
saturated_fat: 39.09
cholesterol: 177.23000000000002
sodium: 4521.35
total_carbohydrate: 223.56
dietary_fiber: 10.07
sugars: 13.889999999999997
protein: 58.0
potassium: 502.51
p: 914.6199999999999

Nutrition per Serving:
calories: 461.185
total_fat: 19.8
saturated_fat: 9.7725
cholesterol: 44.307500000000005
sodium: 1130.3375
total_carbohydrate: 55.89
dietary_fiber: 2.5175
sugars: 3.4724999999999993
protein: 14.5
potassium: 125.6275
p: 228.65499999999997

