Recipe: Hot & Sour Vegetable Soup with Tofu
Servings: 4

Ingredients:
1 Tbsp canola oil 
1 Tbsp grated fresh ginger 
4 green onions 
1/4 red cabbage 
3 carrots
8 oz. button mushrooms 
6 cups vegetable broth
1/2 Tbsp soy sauce (or more to taste)
1.5-2 Tbsp rice vinegar 
1 Tbsp chili garlic sauce or sambal olek 
14 oz. block extra firm tofu 

Nutrition:
calories: 705.34
total_fat: 37.45
saturated_fat: 5.33
cholesterol: 0
sodium: 4944.12
total_carbohydrate: 52.900000000000006
dietary_fiber: 16.099999999999998
sugars: 23.740000000000002
protein: 51.59
potassium: 2314.1000000000004
p: 783.13

Nutrition per Serving:
calories: 176.335
total_fat: 9.3625
saturated_fat: 1.3325
cholesterol: 0.0
sodium: 1236.03
total_carbohydrate: 13.225000000000001
dietary_fiber: 4.0249999999999995
sugars: 5.9350000000000005
protein: 12.8975
potassium: 578.5250000000001
p: 195.7825

