Recipe: Homemade Pumpkin Pie Spice
Servings: 4

Ingredients:
4 Tbsp ground cinnamon
1 Tbsp ground ginger
1 Tbsp ground nutmeg
1 Tbsp ground allspice
1 tsp ground cloves

Nutrition:
calories: 152.76000000000002
total_fat: 3.94
saturated_fat: 2.3000000000000003
cholesterol: 0
sodium: 16.08
total_carbohydrate: 38.02
dietary_fiber: 20.770000000000003
sugars: 1.12
protein: 2.62
potassium: 311.67
p: 52.580000000000005

Nutrition per Serving:
calories: 38.190000000000005
total_fat: 0.985
saturated_fat: 0.5750000000000001
cholesterol: 0.0
sodium: 4.02
total_carbohydrate: 9.505
dietary_fiber: 5.192500000000001
sugars: 0.28
protein: 0.655
potassium: 77.9175
p: 13.145000000000001

