Recipe: Instant Pot Pinto Beans With Chorizo
Servings: 4

Ingredients:
1 Tbsp cooking oil
4 oz. dry (Spanish) chorizo
1 yellow onion
3 cloves garlic
2 cups dry pinto beans
2 bay leaves
freshly cracked pepper
3 cups reduced sodium chicken broth*
15 oz. can diced tomatoes**

Nutrition:
calories: 2159.38
total_fat: 63.54
saturated_fat: 18.350000000000005
cholesterol: 99.79
sodium: 3603.95
total_carbohydrate: 275.34000000000003
dietary_fiber: 70.11
sugars: 25.11
protein: 125.28000000000002
potassium: 7477.359999999999
p: 2009.2

Nutrition per Serving:
calories: 539.845
total_fat: 15.885
saturated_fat: 4.587500000000001
cholesterol: 24.9475
sodium: 900.9875
total_carbohydrate: 68.83500000000001
dietary_fiber: 17.5275
sugars: 6.2775
protein: 31.320000000000004
potassium: 1869.3399999999997
p: 502.3

