Recipe: Italian Sausage and White Bean Skillet
Servings: 4

Ingredients:
1 lb. Italian sausage (hot, mild, or sweet)
1 Tbsp olive oil
2 15 oz. cans cannellini beans*
8 oz. spinach
Freshly cracked pepper

Nutrition:
calories: 2919.8299999999995
total_fat: 141.01999999999998
saturated_fat: 49.00000000000001
cholesterol: 258.55
sodium: 3580.71
total_carbohydrate: 242.73999999999998
dietary_fiber: 60.05
sugars: 12.32
protein: 176.46000000000004
potassium: 7237.830000000001
p: 1862.8200000000002

Nutrition per Serving:
calories: 729.9574999999999
total_fat: 35.254999999999995
saturated_fat: 12.250000000000002
cholesterol: 64.6375
sodium: 895.1775
total_carbohydrate: 60.684999999999995
dietary_fiber: 15.0125
sugars: 3.08
protein: 44.11500000000001
potassium: 1809.4575000000002
p: 465.70500000000004

