Recipe: Jalapeño Cheddar Cornbread
Servings: 4

Ingredients:
2 jalapeños
1.5 cups cheddar, shredded
1 cup grape tomatoes
1 cup cornmeal
1 cup all-purpose flour
2 Tbsp sugar
4 tsp baking powder
1/2 tsp salt
1 cup milk
1 large egg
1/4 cup cooking oil

Nutrition:
calories: 2392.2700000000004
total_fat: 125.60000000000001
saturated_fat: 39.60999999999999
cholesterol: 366.01
sodium: 4452.08
total_carbohydrate: 244.79000000000002
dietary_fiber: 14.899999999999999
sugars: 44.92999999999999
protein: 77.64
potassium: 1474.7
p: 1977.2299999999998

Nutrition per Serving:
calories: 598.0675000000001
total_fat: 31.400000000000002
saturated_fat: 9.902499999999998
cholesterol: 91.5025
sodium: 1113.02
total_carbohydrate: 61.197500000000005
dietary_fiber: 3.7249999999999996
sugars: 11.232499999999998
protein: 19.41
potassium: 368.675
p: 494.30749999999995

