Recipe: Jerk Chicken with Pineapple Black Bean Salsa
Servings: 4

Ingredients:
4 cups cooked rice
2 cups pineapple tidbits*
15 oz. can black beans, well rinsed
1/3 cup finely diced red onion
1/2 cup coarsely chopped cilantro
1 lime
pinch red pepper flakes (optional)
1/4 tsp salt, or to taste
2 boneless, skinless chicken breasts (about 2/3 lb. each)
1 Tbsp jerk seasoning
1 Tbsp cooking oil

Nutrition:
calories: 1968.0299999999997
total_fat: 27.47
saturated_fat: 4.29
cholesterol: 204
sodium: 2606.73
total_carbohydrate: 309.13000000000005
dietary_fiber: 39.75000000000001
sugars: 40.779999999999994
protein: 120.56
potassium: 2748.18
p: 1347.55

Nutrition per Serving:
calories: 492.00749999999994
total_fat: 6.8675
saturated_fat: 1.0725
cholesterol: 51.0
sodium: 651.6825
total_carbohydrate: 77.28250000000001
dietary_fiber: 9.937500000000002
sugars: 10.194999999999999
protein: 30.14
potassium: 687.045
p: 336.8875

