Recipe: Jessica Gavin’s Honey Hoisin Garlic Chicken
Servings: 4

Ingredients:
2 lbs. bone-in, skin-on chicken thighs*
pinch salt and pepper
2 Tbsp vegetable oil
1/3 cup hoisin sauce
1/3 cup soy sauce
1/3 cup  honey
2 Tbsp  hot water
1 tsp  minced ginger
4 cloves garlic, minced
sesame seeds for garnish (optional)
1/4 cup fresh cilantro for garnish (optional)

Nutrition:
calories: 2933.12
total_fat: 169.53
saturated_fat: 42.08
cholesterol: 1163.73
sodium: 7651.900000000001
total_carbohydrate: 146.22000000000003
dietary_fiber: 7.650000000000001
sugars: 115.42000000000002
protein: 228.61999999999998
potassium: 3041.8900000000003
p: 2165.35

Nutrition per Serving:
calories: 733.28
total_fat: 42.3825
saturated_fat: 10.52
cholesterol: 290.9325
sodium: 1912.9750000000001
total_carbohydrate: 36.55500000000001
dietary_fiber: 1.9125000000000003
sugars: 28.855000000000004
protein: 57.154999999999994
potassium: 760.4725000000001
p: 541.3375

