Recipe: Kielbasa and Cabbage Skillet
Servings: 4

Ingredients:
1/4  cup olive oil
2 Tbsp red wine vinegar
1.5 Tbsp coarse ground mustard
1/4 tsp garlic powder
1/4 tsp  salt
Freshly Cracked Pepper
1 Tbsp olive oil
14 oz. kielbasa
1 yellow onion
6 cups chopped cabbage (1 small head, 2.25 lbs)
None pinch salt and pepper

Nutrition:
calories: 2244.02
total_fat: 189.45000000000002
saturated_fat: 48.82
cholesterol: 289.57
sodium: 4948.46
total_carbohydrate: 83.89
dietary_fiber: 20.240000000000002
sugars: 39.71
protein: 64.95
potassium: 3256.7899999999995
p: 1226.68

Nutrition per Serving:
calories: 561.005
total_fat: 47.362500000000004
saturated_fat: 12.205
cholesterol: 72.3925
sodium: 1237.115
total_carbohydrate: 20.9725
dietary_fiber: 5.0600000000000005
sugars: 9.9275
protein: 16.2375
potassium: 814.1974999999999
p: 306.67

