Recipe: Kimchi Fried Rice
Servings: 4

Ingredients:
6 inch broccoli stem (optional)
1 carrot
4 green onions
1 cup kimchi* plus 2-4 Tbsp kimchi juice
2 large eggs
2 Tbsp light cooking oil
4 cups cooked, day-old rice
1 Tbsp  soy sauce
1 tsp toasted sesame oil

Nutrition:
calories: 1504.11
total_fat: 44.440000000000005
saturated_fat: 6.18
cholesterol: 372
sodium: 1846.47
total_carbohydrate: 234.33
dietary_fiber: 14.040000000000001
sugars: 35.879999999999995
protein: 37.099999999999994
potassium: 3019.2999999999997
p: 670.4499999999999

Nutrition per Serving:
calories: 376.0275
total_fat: 11.110000000000001
saturated_fat: 1.545
cholesterol: 93.0
sodium: 461.6175
total_carbohydrate: 58.5825
dietary_fiber: 3.5100000000000002
sugars: 8.969999999999999
protein: 9.274999999999999
potassium: 754.8249999999999
p: 167.61249999999998

