Recipe: Lemon Pepper Chicken with Orzo
Servings: 4

Ingredients:
4 chicken thighs*
5 tsp lemon pepper seasoning, divided
1 Tbsp canola oil
2 cloves garlic
2.5 cups chicken broth
1/4 bunch parsley
1.5 cups orzo
2 oz feta, crumbled

Nutrition:
calories: 1927.32
total_fat: 101.43
saturated_fat: 31.610000000000007
cholesterol: 728.5100000000001
sodium: 8236.17
total_carbohydrate: 108.22
dietary_fiber: 6.369999999999999
sugars: 8.53
protein: 152.0
potassium: 1894.6499999999999
p: 1504.54

Nutrition per Serving:
calories: 481.83
total_fat: 25.3575
saturated_fat: 7.902500000000002
cholesterol: 182.12750000000003
sodium: 2059.0425
total_carbohydrate: 27.055
dietary_fiber: 1.5924999999999998
sugars: 2.1325
protein: 38.0
potassium: 473.66249999999997
p: 376.135

