Recipe: Lemon Garlic Asparagus Pasta
Servings: 4

Ingredients:
8 oz. pasta
1 bunch asparagus (about 1 lb.)
2 Tbsp butter
2 cloves garlic, minced
1 lemon
Salt and Pepper to taste

Nutrition:
calories: 599.2900000000001
total_fat: 25.470000000000002
saturated_fat: 15.04
cholesterol: 61.06
sodium: 485.1700000000001
total_carbohydrate: 80.62
dietary_fiber: 6.93
sugars: 3.6500000000000004
protein: 15.08
potassium: 284.08
p: 169.54

Nutrition per Serving:
calories: 149.82250000000002
total_fat: 6.367500000000001
saturated_fat: 3.76
cholesterol: 15.265
sodium: 121.29250000000002
total_carbohydrate: 20.155
dietary_fiber: 1.7325
sugars: 0.9125000000000001
protein: 3.77
potassium: 71.02
p: 42.385

