Recipe: Lemon Berry Cobbler
Servings: 4

Ingredients:
12 oz. frozen mixed berries, thawed
1/4 cup sugar 
1 1/2 Tbsp cornstarch 
1 fresh lemon 
1 cup all-purpose flour 
1 tsp baking powder 
1/4 cup sugar 
1/8 tsp salt 
4 Tbsp cold butter 
5 Tbsp milk* 

Nutrition:
calories: 1516.15
total_fat: 50.5
saturated_fat: 30.37
cholesterol: 128.24
sodium: 1181.35
total_carbohydrate: 256.24
dietary_fiber: 19.18
sugars: 123.05000000000001
protein: 20.35
potassium: 849.9799999999999
p: 413.93

Nutrition per Serving:
calories: 379.0375
total_fat: 12.625
saturated_fat: 7.5925
cholesterol: 32.06
sodium: 295.3375
total_carbohydrate: 64.06
dietary_fiber: 4.795
sugars: 30.762500000000003
protein: 5.0875
potassium: 212.49499999999998
p: 103.4825

