Recipe: Lemon Butter Green Beans (revisited)
Servings: 4

Ingredients:
1 lb. green beans
1 Tbsp butter 
1 lemon 
Salt and Freshly Cracked Pepper to taste 

Nutrition:
calories: 290.7
total_fat: 13.11
saturated_fat: 7.640000000000001
cholesterol: 30.53
sodium: 679.36
total_carbohydrate: 45.05
dietary_fiber: 17.439999999999998
sugars: 18.590000000000003
protein: 9.85
potassium: 812.26
p: 152.01999999999998

Nutrition per Serving:
calories: 72.675
total_fat: 3.2775
saturated_fat: 1.9100000000000001
cholesterol: 7.6325
sodium: 169.84
total_carbohydrate: 11.2625
dietary_fiber: 4.359999999999999
sugars: 4.647500000000001
protein: 2.4625
potassium: 203.065
p: 38.004999999999995

