Recipe: Lighter Spinach Alfredo Pasta
Servings: 4

Ingredients:
12 oz penne pasta
2 Tbsp butter
2 cloves garlic, minced
2 cups whole milk
6 oz. cream cheese
3/4 cup grated Parmesan
1/4 tsp salt
Freshly cracked pepper
4 cups baby spinach

Nutrition:
calories: 1991.4899999999998
total_fat: 122.08999999999999
saturated_fat: 70.32
cholesterol: 346.16
sodium: 2960.61
total_carbohydrate: 156.06000000000003
dietary_fiber: 9.47
sugars: 33.589999999999996
protein: 71.17
potassium: 1884.5499999999997
p: 1337.93

Nutrition per Serving:
calories: 497.87249999999995
total_fat: 30.522499999999997
saturated_fat: 17.58
cholesterol: 86.54
sodium: 740.1525
total_carbohydrate: 39.01500000000001
dietary_fiber: 2.3675
sugars: 8.397499999999999
protein: 17.7925
potassium: 471.13749999999993
p: 334.4825

