Recipe: Lime Shrimp Dragon Noodles
Servings: 4

Ingredients:
1/2 lb frozen peeled & deveined shrimp (51/70 size)
2 packs (3 oz. each) ramen noodles
2 Tbsp sriracha 
2 Tbsp soy sauce 
2 Tbsp brown sugar 
1 lime
2 Tbsp butter 
2 cloves garlic 
2 green onions
Handful fresh cilantro 

Nutrition:
calories: 1315.75
total_fat: 46.38
saturated_fat: 23.720000000000002
cholesterol: 1018.1400000000001
sodium: 8736.99
total_carbohydrate: 103.4
dietary_fiber: 8.56
sugars: 30.799999999999994
protein: 119.41999999999997
potassium: 1617.4399999999998
p: 1624.9099999999999

Nutrition per Serving:
calories: 328.9375
total_fat: 11.595
saturated_fat: 5.930000000000001
cholesterol: 254.53500000000003
sodium: 2184.2475
total_carbohydrate: 25.85
dietary_fiber: 2.14
sugars: 7.699999999999998
protein: 29.854999999999993
potassium: 404.35999999999996
p: 406.22749999999996

