Recipe: Loaded Mashed Potato Bowls
Servings: 4

Ingredients:
6 cups prepared mashed potatoes
2 cups frozen corn kernels*
15 oz. can black beans
1/2 tsp chili powder**
4 oz. cheddar, shredded
1/2 cup BBQ sauce
2 green onions, sliced
1 jalapeño, thinly sliced (optional)

Nutrition:
calories: 2837.459999999999
total_fat: 97.86
saturated_fat: 31.879999999999995
cholesterol: 124.86999999999999
sodium: 8069.08
total_carbohydrate: 416.15000000000003
dietary_fiber: 60.43000000000001
sugars: 84.28
protein: 89.13999999999999
potassium: 6813.22
p: 1876.3

Nutrition per Serving:
calories: 709.3649999999998
total_fat: 24.465
saturated_fat: 7.969999999999999
cholesterol: 31.217499999999998
sodium: 2017.27
total_carbohydrate: 104.03750000000001
dietary_fiber: 15.107500000000002
sugars: 21.07
protein: 22.284999999999997
potassium: 1703.305
p: 469.075

