Recipe: Make Ahead Kale White Bean and Pesto Salad
Servings: 4

Ingredients:
6 cups kale, finely chopped
15 oz. can cannellini beans
1 cooked chicken breast*
1 cup grape tomatoes
1/2 cup pesto
1 large lemon, cut into wedges

Nutrition:
calories: 1598.99
total_fat: 72.78999999999999
saturated_fat: 13.73
cholesterol: 132
sodium: 2354.97
total_carbohydrate: 157.10000000000002
dietary_fiber: 41.36
sugars: 17.95
protein: 99.01
potassium: 4751.04
p: 1296.51

Nutrition per Serving:
calories: 399.7475
total_fat: 18.197499999999998
saturated_fat: 3.4325
cholesterol: 33.0
sodium: 588.7425
total_carbohydrate: 39.275000000000006
dietary_fiber: 10.34
sugars: 4.4875
protein: 24.7525
potassium: 1187.76
p: 324.1275

