Recipe: Make Ahead Microwave Breakfast Scrambles
Servings: 4

Ingredients:
2 oz. ham, diced
1/2 cup diced bell pepper
1/4 cup diced onion
1/2 cup shredded sharp cheddar
2 tsp butter
1/2 tsp seasoning salt
8 large eggs

Nutrition:
calories: 1228.48
total_fat: 87.25
saturated_fat: 39.91
cholesterol: 1656.9
sodium: 2675.9900000000002
total_carbohydrate: 16.409999999999997
dietary_fiber: 1.77
sugars: 7.229999999999999
protein: 91.84
potassium: 1048.41
p: 1523.28

Nutrition per Serving:
calories: 307.12
total_fat: 21.8125
saturated_fat: 9.9775
cholesterol: 414.225
sodium: 668.9975000000001
total_carbohydrate: 4.102499999999999
dietary_fiber: 0.4425
sugars: 1.8074999999999997
protein: 22.96
potassium: 262.1025
p: 380.82

