Recipe: Make Ahead Seeded Oats
Servings: 4

Ingredients:
1.33 cup rolled oats
4 Tbsp ground flaxseed
4 Tbsp hulled hemp seeds
2 Tbsp chia seeds
1 tsp cinnamon
pinch salt*
2.67 cup water, milk, or non-dairy milk
sweetener of choice
Optional fresh add-ins: fresh fruit, nuts, peanut butter, jam, maple syrup

Nutrition:
calories: 1753.4599999999998
total_fat: 89.71000000000001
saturated_fat: 16.71
cholesterol: 39.120000000000005
sodium: 663.6800000000001
total_carbohydrate: 188.95
dietary_fiber: 38.88999999999999
sugars: 56.92
protein: 67.95
potassium: 2790.6400000000003
p: 2279.0200000000004

Nutrition per Serving:
calories: 438.36499999999995
total_fat: 22.427500000000002
saturated_fat: 4.1775
cholesterol: 9.780000000000001
sodium: 165.92000000000002
total_carbohydrate: 47.2375
dietary_fiber: 9.722499999999998
sugars: 14.23
protein: 16.9875
potassium: 697.6600000000001
p: 569.7550000000001

