Recipe: How to Make Crispy Hash Browns
Servings: 4

Ingredients:
2 large russet potatoes (about 2 lbs.)
4 Tbsp cooking oil, or as needed
Seasoning salt to taste 

Nutrition:
calories: 1075.7199999999998
total_fat: 56.800000000000004
saturated_fat: 3.8499999999999996
cholesterol: 0
sodium: 463.64
total_carbohydrate: 128.35
dietary_fiber: 13.83
sugars: 6.47
protein: 15.75
potassium: 3292.45
p: 425.02

Nutrition per Serving:
calories: 268.92999999999995
total_fat: 14.200000000000001
saturated_fat: 0.9624999999999999
cholesterol: 0.0
sodium: 115.91
total_carbohydrate: 32.0875
dietary_fiber: 3.4575
sugars: 1.6175
protein: 3.9375
potassium: 823.1125
p: 106.255

