Recipe: How to Make Instant Pot Chicken Stock
Servings: 4

Ingredients:
1 rotisserie chicken carcass
1 yellow onion
1-2 carrots
1-2 stalks celery
2 cloves garlic
2 bay leaves
Freshly cracked pepper or whole peppercorns
1 tsp apple cider vinegar
8 cups water
1/2 tsp salt, or to taste

Nutrition:
calories: 660.0
total_fat: 25.130000000000006
saturated_fat: 6.490000000000001
cholesterol: 287.04
sodium: 2402.7299999999996
total_carbohydrate: 25.43
dietary_fiber: 6.680000000000001
sugars: 9.559999999999999
protein: 85.66
potassium: 1540.5599999999997
p: 858.99

Nutrition per Serving:
calories: 165.0
total_fat: 6.2825000000000015
saturated_fat: 1.6225000000000003
cholesterol: 71.76
sodium: 600.6824999999999
total_carbohydrate: 6.3575
dietary_fiber: 1.6700000000000002
sugars: 2.3899999999999997
protein: 21.415
potassium: 385.13999999999993
p: 214.7475

