Recipe: Maple Brown Butter Mashed Sweet Potatoes
Servings: 4

Ingredients:
3 lbs sweet potatoes 
6 Tbsp butter* 
1/4 cup real maple syrup 
1/4 tsp cinnamon 
1/8 tsp nutmeg 
1/8 tsp ground cloves 
1/4 cup chopped pecans 

Nutrition:
calories: 2047.3400000000001
total_fat: 90.82
saturated_fat: 45.96
cholesterol: 183.18
sodium: 925.7700000000001
total_carbohydrate: 299.99999999999994
dietary_fiber: 37.13
sugars: 128.17000000000002
protein: 21.96
potassium: 3439.7100000000005
p: 534.24

Nutrition per Serving:
calories: 511.83500000000004
total_fat: 22.705
saturated_fat: 11.49
cholesterol: 45.795
sodium: 231.44250000000002
total_carbohydrate: 74.99999999999999
dietary_fiber: 9.2825
sugars: 32.042500000000004
protein: 5.49
potassium: 859.9275000000001
p: 133.56

