Recipe: Marinated Lentil Salad
Servings: 4

Ingredients:
1 lemon
1/4 cup olive oil
2 cloves garlic, minced
1/2 Tbsp dried oregano
1/2 tsp salt
Freshly Cracked Pepper
1 cup dry brown lentils
1/2 bunch parsley
1 pint grape tomatoes
1/4 small red onion
2 oz feta, crumbled

Nutrition:
calories: 958.3299999999999
total_fat: 67.91000000000001
saturated_fat: 16.21
cholesterol: 50.46
sodium: 2175.1000000000004
total_carbohydrate: 66.96999999999998
dietary_fiber: 23.439999999999998
sugars: 16.71
protein: 30.53
potassium: 1705.2500000000002
p: 654.71

Nutrition per Serving:
calories: 239.58249999999998
total_fat: 16.977500000000003
saturated_fat: 4.0525
cholesterol: 12.615
sodium: 543.7750000000001
total_carbohydrate: 16.742499999999996
dietary_fiber: 5.859999999999999
sugars: 4.1775
protein: 7.6325
potassium: 426.31250000000006
p: 163.6775

