Recipe: Monterey Chicken Skillet
Servings: 4

Ingredients:
2 cups shredded pre-cooked chicken (1/2 rotisserie chicken)
1 10 oz.  can Rotel (diced tomatoes with green chiles) 
1/2 lb. fusili pasta 
2 cups chicken broth 
1/3 cup BBQ sauce 
1 cup shredded Monterey Jack cheese 
3 slices bacon 
2 green onions, sliced

Nutrition:
calories: 1794.99
total_fat: 85.88
saturated_fat: 36.11
cholesterol: 398.49
sodium: 5403.34
total_carbohydrate: 127.82999999999997
dietary_fiber: 6.79
sugars: 38.54
protein: 124.46
potassium: 1856.46
p: 1363.7499999999998

Nutrition per Serving:
calories: 448.7475
total_fat: 21.47
saturated_fat: 9.0275
cholesterol: 99.6225
sodium: 1350.835
total_carbohydrate: 31.957499999999992
dietary_fiber: 1.6975
sugars: 9.635
protein: 31.115
potassium: 464.115
p: 340.93749999999994

