Recipe: Moroccan Spiced Sweet Potatoes
Servings: 4

Ingredients:
1/2 Tbsp ground cumin
1 tsp ground turmeric
1 tsp cinnamon
1/4 tsp cayenne pepper
1 tsp paprika
1/4 tsp salt
2 Tbsp olive oil
2 lbs. sweet potatoes
1/4 bunch cilantro

Nutrition:
calories: 964.9300000000001
total_fat: 29.49
saturated_fat: 4.19
cholesterol: 0
sodium: 838.3399999999998
total_carbohydrate: 167.97
dietary_fiber: 26.2
sugars: 52.660000000000004
protein: 13.9
potassium: 2317.3399999999997
p: 328.28

Nutrition per Serving:
calories: 241.23250000000002
total_fat: 7.3725
saturated_fat: 1.0475
cholesterol: 0.0
sodium: 209.58499999999995
total_carbohydrate: 41.9925
dietary_fiber: 6.55
sugars: 13.165000000000001
protein: 3.475
potassium: 579.3349999999999
p: 82.07

