Recipe: No-Churn Mint Chocolate Chip Ice Cream
Servings: 4

Ingredients:
14 oz can sweetened condensed milk 
1 1/2 tsp mint extract 
1/2 tsp vanilla extract 
1 pint heavy whipping cream 
1/4 cup mini chocolate chips 
1/4 cup chocolate syrup 

Nutrition:
calories: 3792.29
total_fat: 232.72
saturated_fat: 147.42
cholesterol: 721.2900000000001
sodium: 869.7700000000001
total_carbohydrate: 387.90999999999997
dietary_fiber: 4.52
sugars: 370.59
protein: 59.269999999999996
potassium: 2768.1799999999994
p: 1784.55

Nutrition per Serving:
calories: 948.0725
total_fat: 58.18
saturated_fat: 36.855
cholesterol: 180.32250000000002
sodium: 217.44250000000002
total_carbohydrate: 96.97749999999999
dietary_fiber: 1.13
sugars: 92.6475
protein: 14.817499999999999
potassium: 692.0449999999998
p: 446.1375

