Recipe: No Sugar Added Apple Pie Overnight Oats
Servings: 4

Ingredients:
1 1/3 cup old-fashioned rolled oats 
1/2 tsp cinnamon 
1/4 tsp ground ginger 
1/4 tsp ground cloves 
1/2 cup chopped walnuts 
1/4 cup dried currants 
2 cups milk 
1 1/3 cup unsweetened applesauce 

Nutrition:
calories: 1296.31
total_fat: 56.12
saturated_fat: 10.81
cholesterol: 39.2
sodium: 273.56
total_carbohydrate: 170.71
dietary_fiber: 21.89
sugars: 57.39
protein: 42.53999999999999
potassium: 2027.8600000000001
p: 1204.15

Nutrition per Serving:
calories: 324.0775
total_fat: 14.03
saturated_fat: 2.7025
cholesterol: 9.8
sodium: 68.39
total_carbohydrate: 42.6775
dietary_fiber: 5.4725
sugars: 14.3475
protein: 10.634999999999998
potassium: 506.96500000000003
p: 301.0375

