Recipe: No Sugar Added Blueberry Almond Overnight Oats
Servings: 4

Ingredients:
1 cup old-fashioned rolled oats
1/4 cup chia seeds, optional*
1/2 cup sliced almonds
1/4 tsp nutmeg
1 1/3 cup unsweetened applesauce
1 cup blueberries, frozen or fresh
2 cups milk
1/2 tsp almond extract

Nutrition:
calories: 1332.49
total_fat: 58.32000000000001
saturated_fat: 10.690000000000001
cholesterol: 39.2
sodium: 276.23
total_carbohydrate: 167.36
dietary_fiber: 39.42
sugars: 47.040000000000006
protein: 48.49
potassium: 2013.57
p: 1533.95

Nutrition per Serving:
calories: 333.1225
total_fat: 14.580000000000002
saturated_fat: 2.6725000000000003
cholesterol: 9.8
sodium: 69.0575
total_carbohydrate: 41.84
dietary_fiber: 9.855
sugars: 11.760000000000002
protein: 12.1225
potassium: 503.3925
p: 383.4875

