Recipe: One Pot Bacon Broccoli Mac and Cheese
Servings: 4

Ingredients:
1/2 lb frozen broccoli florets
4 oz bacon
8 oz medium cheddar
1/2 lb pasta
1 cup evaporated milk
1/2 tsp smoked paprika
1/2 tsp hot sauce
1/2 tsp Dijon mustard
1/4 tsp salt

Nutrition:
calories: 2227.44
total_fat: 137.68
saturated_fat: 68.53999999999999
cholesterol: 409.88
sodium: 4465.4800000000005
total_carbohydrate: 121.32000000000001
dietary_fiber: 12.07
sugars: 30.980000000000004
protein: 126.32
potassium: 2299.8199999999997
p: 2273.6600000000003

Nutrition per Serving:
calories: 556.86
total_fat: 34.42
saturated_fat: 17.134999999999998
cholesterol: 102.47
sodium: 1116.3700000000001
total_carbohydrate: 30.330000000000002
dietary_fiber: 3.0175
sugars: 7.745000000000001
protein: 31.58
potassium: 574.9549999999999
p: 568.4150000000001

