Recipe: One Pot Creamy Sun Dried Tomato Pasta
Servings: 4

Ingredients:
2 Tbsp butter
2 cloves garlic
2 cups chicken broth*
1.5 cups whole milk
8 oz fettuccine
12 pieces sun dried tomatoes
Freshly cracked pepper
1/4 cup grated Parmesan

Nutrition:
calories: 980.9799999999999
total_fat: 45.150000000000006
saturated_fat: 25.720000000000006
cholesterol: 129.12
sodium: 2676.65
total_carbohydrate: 109.04
dietary_fiber: 6.61
sugars: 32.22
protein: 38.12
potassium: 1707.61
p: 763.6999999999999

Nutrition per Serving:
calories: 245.24499999999998
total_fat: 11.287500000000001
saturated_fat: 6.4300000000000015
cholesterol: 32.28
sodium: 669.1625
total_carbohydrate: 27.26
dietary_fiber: 1.6525
sugars: 8.055
protein: 9.53
potassium: 426.9025
p: 190.92499999999998

