Recipe: Oven Roasted Frozen Broccoli
Servings: 4

Ingredients:
1/2 lb. frozen broccoli florets 
1 Tbsp olive oil 
1/2 Tbsp Montreal steak seasoning 

Nutrition:
calories: 208.28
total_fat: 14.7
saturated_fat: 2.07
cholesterol: 0
sodium: 814.6
total_carbohydrate: 18.040000000000003
dietary_fiber: 8.01
sugars: 3.23
protein: 5.86
potassium: 703.68
p: 163.45999999999998

Nutrition per Serving:
calories: 52.07
total_fat: 3.675
saturated_fat: 0.5175
cholesterol: 0.0
sodium: 203.65
total_carbohydrate: 4.510000000000001
dietary_fiber: 2.0025
sugars: 0.8075
protein: 1.465
potassium: 175.92
p: 40.864999999999995

