Recipe: Parsley Scallion Hummus Pasta
Servings: 4

Ingredients:
15 oz. can chickpeas
1/4 cup olive oil 
1 fresh lemon, or 1/4 cup juice
1/4 cup tahini 
1 clove garlic, or 1/4 tsp garlic powder
1/4 tsp cumin 
1/2 tsp salt 
2 scallions (green onions)
1/4 bunch fresh parsley, or to taste
8 oz. pasta 

Nutrition:
calories: 1857.3099999999997
total_fat: 100.17000000000002
saturated_fat: 13.269999999999998
cholesterol: 0
sodium: 2278.2200000000003
total_carbohydrate: 198.37
dietary_fiber: 37.53
sugars: 28.370000000000005
protein: 55.56
potassium: 1218.7299999999998
p: 1006.66

Nutrition per Serving:
calories: 464.32749999999993
total_fat: 25.042500000000004
saturated_fat: 3.3174999999999994
cholesterol: 0.0
sodium: 569.5550000000001
total_carbohydrate: 49.5925
dietary_fiber: 9.3825
sugars: 7.092500000000001
protein: 13.89
potassium: 304.68249999999995
p: 251.665

