Recipe: Pasta with 5 Ingredient Butter Tomato Sauce
Servings: 4

Ingredients:
2 Tbsp olive oil
1/2 cup breadcrumbs 
1/4 tsp salt 
1/2 tsp dried oregano 
Freshly cracked Pepper 
8 oz. pasta 
4 Tbsp salted butter 
3 cloves garlic 
28 oz. can whole peeled tomatoes* 
1/2 tsp salt (or to taste)
Freshly cracked pepper 

Nutrition:
calories: 1387.27
total_fat: 79.85
saturated_fat: 34.26
cholesterol: 122.12
sodium: 2549.7400000000002
total_carbohydrate: 146.17
dietary_fiber: 17.689999999999998
sugars: 25.67
protein: 28.94
potassium: 2207.25
p: 446.85

Nutrition per Serving:
calories: 346.8175
total_fat: 19.9625
saturated_fat: 8.565
cholesterol: 30.53
sodium: 637.4350000000001
total_carbohydrate: 36.5425
dietary_fiber: 4.422499999999999
sugars: 6.4175
protein: 7.235
potassium: 551.8125
p: 111.7125

