Recipe: Peanut Butter and Jelly Bars
Servings: 4

Ingredients:
1 1/4 cup all-purpose flour 
1 cup rolled oats 
1/4 tsp baking soda 
1/2 cup salted butter, room temperature
1/2 cup brown sugar
1 extra large egg
1/2 cup natural peanut butter 
1/2 tsp vanilla extract 
3/4 cup jam or jelly 
1/4 cup peanuts*

Nutrition:
calories: 3851.41
total_fat: 189.6
saturated_fat: 74.35999999999999
cholesterol: 430.03
sodium: 1856.0000000000002
total_carbohydrate: 480.2099999999999
dietary_fiber: 29.799999999999997
sugars: 224.84
protein: 77.19
potassium: 1977.3100000000002
p: 1308.29

Nutrition per Serving:
calories: 962.8525
total_fat: 47.4
saturated_fat: 18.589999999999996
cholesterol: 107.5075
sodium: 464.00000000000006
total_carbohydrate: 120.05249999999998
dietary_fiber: 7.449999999999999
sugars: 56.21
protein: 19.2975
potassium: 494.32750000000004
p: 327.0725

