Recipe: Peanut Butter S’mores Pots
Servings: 4

Ingredients:
3 graham crackers
2 Tbsp butter
1 Tbsp sugar
2 Tbsp peanut butter (optional)
3 Tbsp milk chocolate chips
10 large marshmallows

Nutrition:
calories: 1031.35
total_fat: 53.14
saturated_fat: 24.240000000000002
cholesterol: 68.31
sodium: 624.1
total_carbohydrate: 132.44
dietary_fiber: 4.49
sugars: 83.46
protein: 13.98
potassium: 393.79
p: 268.54999999999995

Nutrition per Serving:
calories: 257.8375
total_fat: 13.285
saturated_fat: 6.0600000000000005
cholesterol: 17.0775
sodium: 156.025
total_carbohydrate: 33.11
dietary_fiber: 1.1225
sugars: 20.865
protein: 3.495
potassium: 98.4475
p: 67.13749999999999

