Recipe: Peanut Butter Fluff Cups
Servings: 4

Ingredients:
1 cup heavy whipping cream
2 Tbsp granulated sugar
1 tsp vanilla extract
1/2 cup creamy natural peanut butter
4 oz. cream cheese
3/4 cup powdered sugar
1/4 cup milk
4 chocolate graham crackers

Nutrition:
calories: 2735.45
total_fat: 202.54000000000002
saturated_fat: 91.62
cholesterol: 389.61
sodium: 1288.02
total_carbohydrate: 197.78
dietary_fiber: 13.549999999999999
sugars: 147.36
protein: 53.11
potassium: 1477.1800000000003
p: 897.12

Nutrition per Serving:
calories: 683.8625
total_fat: 50.635000000000005
saturated_fat: 22.905
cholesterol: 97.4025
sodium: 322.005
total_carbohydrate: 49.445
dietary_fiber: 3.3874999999999997
sugars: 36.84
protein: 13.2775
potassium: 369.2950000000001
p: 224.28

