Recipe: Pepperoni Stuffed Baked Potatoes
Servings: 4

Ingredients:
4 russet potatoes (about 1/2 lb. each)
1 Tbsp cooking oil 
Pinch of salt 
1 tsp Italian seasoning blend 
32 pieces of pepperoni 
1 1/3 cup pizza sauce* 
4 oz. shredded mozzarella 

Nutrition:
calories: 1645.53
total_fat: 70.80000000000001
saturated_fat: 27.03
cholesterol: 135.79
sodium: 3181.64
total_carbohydrate: 187.77000000000004
dietary_fiber: 22.93
sugars: 22.71
protein: 64.72
potassium: 5328.68
p: 1370.5900000000001

Nutrition per Serving:
calories: 411.3825
total_fat: 17.700000000000003
saturated_fat: 6.7575
cholesterol: 33.9475
sodium: 795.41
total_carbohydrate: 46.94250000000001
dietary_fiber: 5.7325
sugars: 5.6775
protein: 16.18
potassium: 1332.17
p: 342.64750000000004

