Recipe: Pepperoni Pasta Salad
Servings: 4

Ingredients:
8 oz. bowtie pasta
1/2 Tbsp salt (for pasta water)
4 oz. fresh baby spinach
15 oz. can kidney beans
3 oz. pepperoni
4 oz. mozzarella, cubed
1 pint grape tomatoes
6 oz. Italian or Caesar dressing
1 Tbsp Parmesan (optional)
Freshly cracked pepper (optional)

Nutrition:
calories: 2876.0800000000004
total_fat: 173.07999999999998
saturated_fat: 47.160000000000004
cholesterol: 242.20000000000002
sodium: 8773.529999999999
total_carbohydrate: 226.61999999999998
dietary_fiber: 37.199999999999996
sugars: 32.4
protein: 106.89
potassium: 3078.65
p: 1447.35

Nutrition per Serving:
calories: 719.0200000000001
total_fat: 43.269999999999996
saturated_fat: 11.790000000000001
cholesterol: 60.550000000000004
sodium: 2193.3824999999997
total_carbohydrate: 56.654999999999994
dietary_fiber: 9.299999999999999
sugars: 8.1
protein: 26.7225
potassium: 769.6625
p: 361.8375

