Recipe: Pesto Pizza Rolls
Servings: 4

Ingredients:
3/4 cup warm water
2 tsp active dry or instant yeast
1/2  Tbsp sugar
1 Tbsp olive oil
2 cups flour (plus some for dusting)
1 tsp salt
1/2 cup pesto
2 oz. pepperoni
1 cup shredded mozzarella
1/2  cup pizza sauce (for dipping, optional)

Nutrition:
calories: 2339.64
total_fat: 124.65000000000002
saturated_fat: 34.489999999999995
cholesterol: 140.54
sodium: 4889.969999999999
total_carbohydrate: 228.26
dietary_fiber: 12.629999999999999
sugars: 14.58
protein: 76.85
potassium: 1323.45
p: 1303.12

Nutrition per Serving:
calories: 584.91
total_fat: 31.162500000000005
saturated_fat: 8.622499999999999
cholesterol: 35.135
sodium: 1222.4924999999998
total_carbohydrate: 57.065
dietary_fiber: 3.1574999999999998
sugars: 3.645
protein: 19.2125
potassium: 330.8625
p: 325.78

