Recipe: Pesto Hummus
Servings: 4

Ingredients:
15 oz can chickpeas
1/4 cup lemon juice
1/4 cup olive oil
1/4 cup tahini
1/4 cup basil pesto
1/4 tsp salt (or to taste)
1/8 tsp garlic powder (or 1 clove fresh)*

Nutrition:
calories: 1764.32
total_fat: 129.71
saturated_fat: 18.779999999999998
cholesterol: 15
sodium: 1986.1499999999996
total_carbohydrate: 118.5
dietary_fiber: 31.810000000000002
sugars: 18.520000000000003
protein: 47.81
potassium: 1037.1100000000001
p: 1028.8400000000001

Nutrition per Serving:
calories: 441.08
total_fat: 32.4275
saturated_fat: 4.694999999999999
cholesterol: 3.75
sodium: 496.5374999999999
total_carbohydrate: 29.625
dietary_fiber: 7.952500000000001
sugars: 4.630000000000001
protein: 11.9525
potassium: 259.27750000000003
p: 257.21000000000004

