Recipe: How to Make Pickled Red Onions
Servings: 4

Ingredients:
1.5 cups sliced red onion
1 clove garlic
3 Tbsp white sugar
1.5 Tbsp salt
1/2 tsp peppercorns
1 cup white vinegar

Nutrition:
calories: 344.78
total_fat: 0.7000000000000001
saturated_fat: 0.12000000000000001
cholesterol: 0
sodium: 10480.7
total_carbohydrate: 73.82
dietary_fiber: 5.109999999999999
sugars: 53.67
protein: 4.92
potassium: 597.2299999999999
p: 134.29

Nutrition per Serving:
calories: 86.195
total_fat: 0.17500000000000002
saturated_fat: 0.030000000000000002
cholesterol: 0.0
sodium: 2620.175
total_carbohydrate: 18.455
dietary_fiber: 1.2774999999999999
sugars: 13.4175
protein: 1.23
potassium: 149.30749999999998
p: 33.5725

