Recipe: Pineapple Pork Hawaiian Burgers
Servings: 4

Ingredients:
20  oz. can pineapple slices in juice
2 green onions, sliced
2 oz. Monterey jack cheese, shredded
1 lb. ground pork
6 Tbsp teriyaki sauce, divided
1/2 red onion
1 Tbsp cooking oil, divided
4 Onion Rolls
4 Tbsp mayonnaise
1 Tbsp sriracha

Nutrition:
calories: 2855.6800000000003
total_fat: 170.2
saturated_fat: 53.809999999999995
cholesterol: 500.02
sodium: 5890.110000000001
total_carbohydrate: 184.83
dietary_fiber: 16.479999999999997
sugars: 124.48
protein: 149.8
potassium: 3728.919999999999
p: 1713.9699999999996

Nutrition per Serving:
calories: 713.9200000000001
total_fat: 42.55
saturated_fat: 13.452499999999999
cholesterol: 125.005
sodium: 1472.5275000000001
total_carbohydrate: 46.2075
dietary_fiber: 4.119999999999999
sugars: 31.12
protein: 37.45
potassium: 932.2299999999998
p: 428.4924999999999

