Recipe: Pizza Roll Ups
Servings: 4

Ingredients:
8 small flour tortillas*
40 slices pepperoni
4 mozzarella cheese sticks
oil, as needed
1/2 cup pizza sauce (for dipping)

Nutrition:
calories: 2209.2000000000003
total_fat: 105.64
saturated_fat: 37.41
cholesterol: 167.19
sodium: 4288.86
total_carbohydrate: 232.27999999999997
dietary_fiber: 15.459999999999999
sugars: 5.93
protein: 77.39
potassium: 1264.94
p: 1076.92

Nutrition per Serving:
calories: 552.3000000000001
total_fat: 26.41
saturated_fat: 9.3525
cholesterol: 41.7975
sodium: 1072.215
total_carbohydrate: 58.06999999999999
dietary_fiber: 3.8649999999999998
sugars: 1.4825
protein: 19.3475
potassium: 316.235
p: 269.23

