Recipe: Poor Man’s Burrito Bowls
Servings: 4

Ingredients:
6 cups cooked rice
2 cups black beans*
1/2 tsp cumin
1/4 tsp garlic powder
Salt to taste
2 cups salsa
6 oz shredded cheese (cheddar or pepper jack)
1 bunch green onions

Nutrition:
calories: 2541.27
total_fat: 62.39
saturated_fat: 33.46000000000001
cholesterol: 168.4
sodium: 5400.22
total_carbohydrate: 391.92
dietary_fiber: 44.73
sugars: 23.6
protein: 103.6
potassium: 3209.6400000000003
p: 1852.1000000000001

Nutrition per Serving:
calories: 635.3175
total_fat: 15.5975
saturated_fat: 8.365000000000002
cholesterol: 42.1
sodium: 1350.055
total_carbohydrate: 97.98
dietary_fiber: 11.1825
sugars: 5.9
protein: 25.9
potassium: 802.4100000000001
p: 463.02500000000003

