Recipe: Pork and Peanut Dragon Noodles
Servings: 4

Ingredients:
1/4 cup chili garlic sauce
1/4 cup soy sauce
1/4 cup brown sugar
1/2 lb. ground pork*
6 oz. ramen noodles
3 green onions, sliced
1/4 cup unsalted peanuts, chopped

Nutrition:
calories: 1268.5900000000001
total_fat: 70.28
saturated_fat: 22.44
cholesterol: 213.19
sodium: 5302.61
total_carbohydrate: 83.97
dietary_fiber: 6.48
sugars: 49.15
protein: 77.98999999999998
potassium: 1701.5500000000002
p: 842.8499999999999

Nutrition per Serving:
calories: 317.14750000000004
total_fat: 17.57
saturated_fat: 5.61
cholesterol: 53.2975
sodium: 1325.6525
total_carbohydrate: 20.9925
dietary_fiber: 1.62
sugars: 12.2875
protein: 19.497499999999995
potassium: 425.38750000000005
p: 210.71249999999998

