Recipe: Pork Gyoza (Potstickers)
Servings: 4

Ingredients:
4 cups finely shredded or chopped cabbage 
2 Tbsp canola or vegetable oil, divided
3 green onions 
2 cloves garlic 
1 Tbsp grated ginger
1/2 Tbsp soy sauce 
1 tsp sesame oil 
1/2 lb. ground pork 
50 gyoza or wonton wrappers

Nutrition:
calories: 5094.31
total_fat: 269.61
saturated_fat: 62.910000000000004
cholesterol: 673.21
sodium: 7724.54
total_carbohydrate: 417.28000000000003
dietary_fiber: 37.02
sugars: 37.43
protein: 245.38
potassium: 5727.330000000001
p: 2441.18

Nutrition per Serving:
calories: 1273.5775
total_fat: 67.4025
saturated_fat: 15.727500000000001
cholesterol: 168.3025
sodium: 1931.135
total_carbohydrate: 104.32000000000001
dietary_fiber: 9.255
sugars: 9.3575
protein: 61.345
potassium: 1431.8325000000002
p: 610.295

