Recipe: Pressure Cooker Chicken and Rice
Servings: 4

Ingredients:
1 whole split chicken (3-4 lbs. total)
2 Tbsp (approx.) seasoning blend of choice* 
2 cups water 
1.5 cups long grain white rice 
Handful parsley (optional)

Nutrition:
calories: 530.32
total_fat: 12.69
saturated_fat: 3.52
cholesterol: 79.9
sodium: 9231.590000000002
total_carbohydrate: 73.63000000000001
dietary_fiber: 4.86
sugars: 0.79
protein: 29.02
potassium: 653.3399999999999
p: 297.58

Nutrition per Serving:
calories: 132.58
total_fat: 3.1725
saturated_fat: 0.88
cholesterol: 19.975
sodium: 2307.8975000000005
total_carbohydrate: 18.407500000000002
dietary_fiber: 1.215
sugars: 0.1975
protein: 7.255
potassium: 163.33499999999998
p: 74.395

