Recipe: Pressure Cooker Split Pea Soup
Servings: 4

Ingredients:
1 yellow onion
3 carrots
3 ribs celery
2 cloves garlic
1 lb split peas
2 Tbsp coconut oil*
1 bay leaf
1/2 Tbsp smoked paprika
1/4 tsp thyme
Freshly cracked pepper
6 cups vegetable broth

Nutrition:
calories: 1357.6500000000003
total_fat: 63.08000000000001
saturated_fat: 32.98
cholesterol: 110.25
sodium: 4225.07
total_carbohydrate: 137.04
dietary_fiber: 45.68999999999999
sugars: 31.190000000000005
protein: 66.57
potassium: 2905.52
p: 766.37

Nutrition per Serving:
calories: 339.4125000000001
total_fat: 15.770000000000003
saturated_fat: 8.245
cholesterol: 27.5625
sodium: 1056.2675
total_carbohydrate: 34.26
dietary_fiber: 11.422499999999998
sugars: 7.797500000000001
protein: 16.6425
potassium: 726.38
p: 191.5925

