Recipe: Pumpkin Cheesecake Mousse
Servings: 4

Ingredients:
1 cup heavy whipping cream
1/2 tsp vanilla extract
4 Tbs sugar, divided
4 oz. cream cheese, room temperature
1 cup pumpkin purée (solid pack pumpkin)
1/2 tsp cinnamon
1/8 tsp ground cloves
1/8 tsp ground nutmeg

Nutrition:
calories: 1460.7100000000003
total_fat: 125.24
saturated_fat: 77.91000000000001
cholesterol: 383.47
sodium: 424.34999999999997
total_carbohydrate: 76.6
dietary_fiber: 3.53
sugars: 66.73
protein: 15.58
potassium: 952.49
p: 334.65999999999997

Nutrition per Serving:
calories: 365.17750000000007
total_fat: 31.31
saturated_fat: 19.477500000000003
cholesterol: 95.8675
sodium: 106.08749999999999
total_carbohydrate: 19.15
dietary_fiber: 0.8825
sugars: 16.6825
protein: 3.895
potassium: 238.1225
p: 83.66499999999999

