Recipe: Quickie Faux Phở
Servings: 4

Ingredients:
6 cups chicken stock* 
1/2 Tbsp five spice blend
1 cup cooked chicken, shredded or chopped
8 oz. wide rice noodles
1 jalapeño 
1 lime 
2 green onions 
1/4 bunch cilantro
Sriracha to taste 
Hoisin sauce to taste 

Nutrition:
calories: 1146.8899999999996
total_fat: 36.56000000000001
saturated_fat: 9.770000000000001
cholesterol: 170.58
sodium: 2607.4700000000003
total_carbohydrate: 126.24000000000001
dietary_fiber: 7.27
sugars: 30.679999999999996
protein: 75.03
potassium: 2102.5599999999995
p: 723.5600000000001

Nutrition per Serving:
calories: 286.7224999999999
total_fat: 9.140000000000002
saturated_fat: 2.4425000000000003
cholesterol: 42.645
sodium: 651.8675000000001
total_carbohydrate: 31.560000000000002
dietary_fiber: 1.8175
sugars: 7.669999999999999
protein: 18.7575
potassium: 525.6399999999999
p: 180.89000000000001

