Recipe: Quick Garlic Parmesan Broccoli
Servings: 4

Ingredients:
2 crowns broccoli (approx. 1 lb.)
1 lemon 
2 Tbsp olive oil (or butter)
2 cloves garlic
1 Tbsp grated Parmesan
Salt and freshly ground pepper to taste 

Nutrition:
calories: 319.6
total_fat: 28.980000000000004
saturated_fat: 4.6
cholesterol: 4.3
sodium: 419.27
total_carbohydrate: 16.0
dietary_fiber: 4.99
sugars: 3.19
protein: 4.510000000000001
potassium: 369.96
p: 104.00999999999998

Nutrition per Serving:
calories: 79.9
total_fat: 7.245000000000001
saturated_fat: 1.15
cholesterol: 1.075
sodium: 104.8175
total_carbohydrate: 4.0
dietary_fiber: 1.2475
sugars: 0.7975
protein: 1.1275000000000002
potassium: 92.49
p: 26.002499999999994

