Recipe: Rice Cooker Teriyaki Shrimp and Rice
Servings: 4

Ingredients:
1/2 lb. raw medium shrimp (41/50 size)*
1 small onion
1 cup frozen peas
1.5 cups uncooked jasmine rice
2 cloves garlic, minced
1 tsp grated fresh ginger
2 cups water
1/4 cup soy sauce
2  Tbsp brown sugar

Nutrition:
calories: 593.5
total_fat: 1.7000000000000002
saturated_fat: 0.37
cholesterol: 10.55
sodium: 3694.91
total_carbohydrate: 122.89
dietary_fiber: 9.67
sugars: 31.779999999999998
protein: 22.22
potassium: 706.09
p: 377.97999999999996

Nutrition per Serving:
calories: 148.375
total_fat: 0.42500000000000004
saturated_fat: 0.0925
cholesterol: 2.6375
sodium: 923.7275
total_carbohydrate: 30.7225
dietary_fiber: 2.4175
sugars: 7.944999999999999
protein: 5.555
potassium: 176.5225
p: 94.49499999999999

