Recipe: Roasted Red Pepper and Tomato Soup
Servings: 4

Ingredients:
2 Tbsp butter
1 yellow onion
4 cloves garlic
2 Tbsp all-purpose flour
2 15 oz. cans crushed tomatoes
12 oz jar roasted red peppers
2 cups vegetable broth*
1/4 tsp dried basil
1/8 tsp dried thyme
Freshly cracked Pepper
1 cup whole milk (optional)

Nutrition:
calories: 952.9200000000001
total_fat: 44.57999999999999
saturated_fat: 21.17
cholesterol: 85.46000000000001
sodium: 3215.37
total_carbohydrate: 127.47999999999999
dietary_fiber: 22.849999999999998
sugars: 71.4
protein: 29.89
potassium: 3716.98
p: 629.4000000000001

Nutrition per Serving:
calories: 238.23000000000002
total_fat: 11.144999999999998
saturated_fat: 5.2925
cholesterol: 21.365000000000002
sodium: 803.8425
total_carbohydrate: 31.869999999999997
dietary_fiber: 5.7124999999999995
sugars: 17.85
protein: 7.4725
potassium: 929.245
p: 157.35000000000002

