Recipe: Roasted Vegetable Couscous
Servings: 4

Ingredients:
4 Roma tomatoes 
2 zucchini
1 bell pepper
1 red onion
4 cloves garlic
2 Tbsp olive oil
2 pinches salt and pepper
2 cups couscous
3 cups vegetable broth
1/4 bunch parsley

Nutrition:
calories: 1247.08
total_fat: 31.100000000000005
saturated_fat: 4.58
cholesterol: 0
sodium: 2215.25
total_carbohydrate: 208.41
dietary_fiber: 19.92
sugars: 26.610000000000003
protein: 37.74
potassium: 2663.6900000000005
p: 463.1600000000001

Nutrition per Serving:
calories: 311.77
total_fat: 7.775000000000001
saturated_fat: 1.145
cholesterol: 0.0
sodium: 553.8125
total_carbohydrate: 52.1025
dietary_fiber: 4.98
sugars: 6.652500000000001
protein: 9.435
potassium: 665.9225000000001
p: 115.79000000000002

