Recipe: Roasted Corn Quesadillas
Servings: 4

Ingredients:
1.5 cups chopped cooked chicken*
1 cup frozen roasted corn kernels
2 green onions, sliced
4 oz can diced green chiles, drained
4 oz shredded cheese*
1/4 tsp cumin
1/4 tsp salt
7 8-inch tortillas

Nutrition:
calories: 2250.7799999999997
total_fat: 96.71000000000001
saturated_fat: 38.949999999999996
cholesterol: 317.86
sodium: 3186.13
total_carbohydrate: 234.57
dietary_fiber: 16.759999999999998
sugars: 16.11
protein: 112.0
potassium: 1819.45
p: 1500.33

Nutrition per Serving:
calories: 562.6949999999999
total_fat: 24.177500000000002
saturated_fat: 9.737499999999999
cholesterol: 79.465
sodium: 796.5325
total_carbohydrate: 58.6425
dietary_fiber: 4.1899999999999995
sugars: 4.0275
protein: 28.0
potassium: 454.8625
p: 375.0825

