Recipe: Roasted Apple Cranberry Relish
Servings: 4

Ingredients:
12 oz bag fresh cranberries 
3 medium apples* (about 1.5 lbs.)
1/2 cup brown sugar 
1/2 tsp cinnamon 
1/4 tsp ground cloves 
1 tsp lemon juice 

Nutrition:
calories: 792.6600000000002
total_fat: 1.4600000000000002
saturated_fat: 0.19999999999999998
cholesterol: 0
sodium: 40.59000000000001
total_carbohydrate: 207.3
dietary_fiber: 26.26
sugars: 159.91
protein: 3.1899999999999995
potassium: 994.1500000000002
p: 102.96000000000001

Nutrition per Serving:
calories: 198.16500000000005
total_fat: 0.36500000000000005
saturated_fat: 0.049999999999999996
cholesterol: 0.0
sodium: 10.147500000000003
total_carbohydrate: 51.825
dietary_fiber: 6.565
sugars: 39.9775
protein: 0.7974999999999999
potassium: 248.53750000000005
p: 25.740000000000002

