Recipe: Roasted Summer Vegetables
Servings: 4

Ingredients:
2 zucchini (about 1.25 lbs.)
1 yellow squash (about 0.5 lbs.)
1 small red onion (about 0.5 lbs.)
1 red bell pepper
2 Tbsp olive oil
1 tsp dried basil
salt and pepper to taste
1/4 cup chopped fresh parsley (optional)

Nutrition:
calories: 439.07
total_fat: 30.130000000000003
saturated_fat: 4.35
cholesterol: 0
sodium: 325.75
total_carbohydrate: 41.77
dietary_fiber: 12.31
sugars: 24.27
protein: 10.65
potassium: 2206.1199999999994
p: 347.52

Nutrition per Serving:
calories: 109.7675
total_fat: 7.532500000000001
saturated_fat: 1.0875
cholesterol: 0.0
sodium: 81.4375
total_carbohydrate: 10.4425
dietary_fiber: 3.0775
sugars: 6.0675
protein: 2.6625
potassium: 551.5299999999999
p: 86.88

