Recipe: Roasted Red Pepper and Feta Frittata
Servings: 4

Ingredients:
1 Tbsp canola or vegetable oil
2 cloves garlic
3-4  packed cups baby spinach
1/2 12 oz jar roasted red peppers
2 oz feta
Salt and pepper to taste
Pinch of crushed red pepper (optional)
6 large eggs
1/4 cup whole milk or half and half

Nutrition:
calories: 881.6800000000001
total_fat: 63.49
saturated_fat: 21.860000000000003
cholesterol: 1177.81
sodium: 1376.0600000000002
total_carbohydrate: 25.77
dietary_fiber: 4.8500000000000005
sugars: 14.95
protein: 53.5
potassium: 1523.56
p: 949.0799999999999

Nutrition per Serving:
calories: 220.42000000000002
total_fat: 15.8725
saturated_fat: 5.465000000000001
cholesterol: 294.4525
sodium: 344.01500000000004
total_carbohydrate: 6.4425
dietary_fiber: 1.2125000000000001
sugars: 3.7375
protein: 13.375
potassium: 380.89
p: 237.26999999999998

