Recipe: Rosemary Roasted Potatoes
Servings: 4

Ingredients:
1.5 lbs. potatoes*
1 Tbsp olive oil
2 cloves garlic, minced
1 tsp dried rosemary
1/2 tsp salt
freshly cracked pepper
1 handful parsley, chopped (optional)

Nutrition:
calories: 791.19
total_fat: 15.11
saturated_fat: 2.2899999999999996
cholesterol: 0
sodium: 1264.88
total_carbohydrate: 151.71
dietary_fiber: 18.060000000000002
sugars: 8.58
protein: 19.369999999999997
potassium: 4020.6699999999996
p: 522.81

Nutrition per Serving:
calories: 197.7975
total_fat: 3.7775
saturated_fat: 0.5724999999999999
cholesterol: 0.0
sodium: 316.22
total_carbohydrate: 37.9275
dietary_fiber: 4.515000000000001
sugars: 2.145
protein: 4.842499999999999
potassium: 1005.1674999999999
p: 130.7025

