Recipe: Salt & Vinegar Roasted Potatoes with Smoky Garlic Mayo
Servings: 4

Ingredients:
2 lbs small red potatoes 
1 cup white vinegar 
2 tsp Morton® Kosher Salt, divided
1 Tbsp olive oil 
Freshly cracked pepper 
1 Tbsp chopped chives (optional)
1/3 cup mayonnaise 
1 small clove garlic 
1/4 tsp smoked paprika
1/8 tsp Morton® Kosher Salt

Nutrition:
calories: 1476.01
total_fat: 69.38
saturated_fat: 10.639999999999999
cholesterol: 30.49
sodium: 5506.370000000002
total_carbohydrate: 181.13
dietary_fiber: 17.249999999999993
sugars: 13.64
protein: 22.18
potassium: 5029.18
p: 689.7099999999999

Nutrition per Serving:
calories: 369.0025
total_fat: 17.345
saturated_fat: 2.6599999999999997
cholesterol: 7.6225
sodium: 1376.5925000000004
total_carbohydrate: 45.2825
dietary_fiber: 4.312499999999998
sugars: 3.41
protein: 5.545
potassium: 1257.295
p: 172.42749999999998

