Recipe: Scallion Herb Cream Cheese Spread
Servings: 4

Ingredients:
8 oz. cream cheese, room temperature
2 Tbsp finely chopped fresh parsley
2 Tbsp finely chopped fresh cilantro
1 green onion, thinly sliced
1/8 tsp garlic powder
1/8 tsp salt
1 Tbsp  lemon juice

Nutrition:
calories: 805.5799999999999
total_fat: 78.22000000000001
saturated_fat: 45.85
cholesterol: 229.07
sodium: 1002.61
total_carbohydrate: 15.28
dietary_fiber: 0.84
sugars: 9.2
protein: 14.62
potassium: 414.15000000000003
p: 256.49

Nutrition per Serving:
calories: 201.39499999999998
total_fat: 19.555000000000003
saturated_fat: 11.4625
cholesterol: 57.2675
sodium: 250.6525
total_carbohydrate: 3.82
dietary_fiber: 0.21
sugars: 2.3
protein: 3.655
potassium: 103.53750000000001
p: 64.1225

