Recipe: Seeded No-Knead Bread
Servings: 4

Ingredients:
2 Tbsp rolled oats
1 Tbsp chia seeds
1 Tbsp hemp seed hearts
1 Tbsp ground flaxseed
1/2 cup warm water
1 cup all-purpose flour
1/2 cup whole wheat flour
3/4 tsp salt
1/8 tsp instant yeast (or bread machine yeast)
1/2 cup room temperature water

Nutrition:
calories: 956.7599999999999
total_fat: 16.88
saturated_fat: 2.0
cholesterol: 0
sodium: 1943.4599999999998
total_carbohydrate: 172.26
dietary_fiber: 18.839999999999996
sugars: 3.0599999999999996
protein: 32.35
potassium: 678.8000000000001
p: 753.6999999999998

Nutrition per Serving:
calories: 239.18999999999997
total_fat: 4.22
saturated_fat: 0.5
cholesterol: 0.0
sodium: 485.86499999999995
total_carbohydrate: 43.065
dietary_fiber: 4.709999999999999
sugars: 0.7649999999999999
protein: 8.0875
potassium: 169.70000000000002
p: 188.42499999999995

