Recipe: Sesame Glazed Salmon and Green Beans
Servings: 4

Ingredients:
2/3 lb. salmon filet 
2/3 lb. fresh green beans 
3 Tbsp soy sauce 
1 Tbsp water 
2 Tbsp rice wine (mirin)
2 Tbsp brown sugar
1/2 Tbsp toasted sesame oil
1 clove garlic, minced
1 inch fresh ginger, grated or minced
1 Tbsp sesame seeds 
1 Tbsp cornstarch 

Nutrition:
calories: 1010.3600000000001
total_fat: 49.140000000000015
saturated_fat: 8.969999999999999
cholesterol: 191.46
sodium: 2849.9700000000003
total_carbohydrate: 57.38
dietary_fiber: 9.880000000000003
sugars: 31.590000000000003
protein: 78.42
potassium: 2112.26
p: 1020.9799999999999

Nutrition per Serving:
calories: 252.59000000000003
total_fat: 12.285000000000004
saturated_fat: 2.2424999999999997
cholesterol: 47.865
sodium: 712.4925000000001
total_carbohydrate: 14.345
dietary_fiber: 2.4700000000000006
sugars: 7.897500000000001
protein: 19.605
potassium: 528.065
p: 255.24499999999998

