Recipe: Sesame Kale
Servings: 4

Ingredients:
1 bunch lacinato (dino) kale
1 Tbsp cooking oil 
2 cloves garlic 
1 Tbsp soy sauce 
1 tsp toasted sesame oil 
1 Tbsp sesame seeds 

Nutrition:
calories: 262.56
total_fat: 22.98
saturated_fat: 2.18
cholesterol: 0
sodium: 910.68
total_carbohydrate: 12.15
dietary_fiber: 3.98
sugars: 1.75
protein: 5.510000000000001
potassium: 428.05999999999995
p: 123.18

Nutrition per Serving:
calories: 65.64
total_fat: 5.745
saturated_fat: 0.545
cholesterol: 0.0
sodium: 227.67
total_carbohydrate: 3.0375
dietary_fiber: 0.995
sugars: 0.4375
protein: 1.3775000000000002
potassium: 107.01499999999999
p: 30.795

