Recipe: Skillet Pineapple BBQ Chicken
Servings: 4

Ingredients:
1 Tbsp cooking oil 
6 boneless skinless chicken thighs* (about 2.3 lbs.)
Pinch Salt and pepper
20 oz. can Pineapple slices in juice
1/2 cup BBQ sauce
1 jalapeño (optional), sliced thinly
2 green onions, sliced

Nutrition:
calories: 1894.35
total_fat: 67.64000000000001
saturated_fat: 17.200000000000003
cholesterol: 819.84
sodium: 2965.2400000000007
total_carbohydrate: 166.39
dietary_fiber: 10.66
sugars: 132.78
protein: 168.06000000000003
potassium: 3155.58
p: 1462.6399999999999

Nutrition per Serving:
calories: 473.5875
total_fat: 16.910000000000004
saturated_fat: 4.300000000000001
cholesterol: 204.96
sodium: 741.3100000000002
total_carbohydrate: 41.5975
dietary_fiber: 2.665
sugars: 33.195
protein: 42.01500000000001
potassium: 788.895
p: 365.65999999999997

