Recipe: Skillet Chicken with Orzo and Olives
Servings: 4

Ingredients:
4 chicken thighs (bone-in, skin on)
Pinch of salt and pepper 
1 Tbsp olive oil 
4 cloves garlic, minced
15 oz. can diced tomatoes* 
1/3 cup pitted kalamata olives 
1/2 tsp dried oregano 
2 cups chicken broth** 
1.5 cups uncooked orzo 
1/4 bunch parsley (optional)

Nutrition:
calories: 2704.8300000000004
total_fat: 102.24000000000001
saturated_fat: 25.870000000000005
cholesterol: 675.5600000000001
sodium: 3612.93
total_carbohydrate: 278.35
dietary_fiber: 20.76
sugars: 22.220000000000002
protein: 174.12000000000003
potassium: 3047.6700000000005
p: 1780.7699999999998

Nutrition per Serving:
calories: 676.2075000000001
total_fat: 25.560000000000002
saturated_fat: 6.467500000000001
cholesterol: 168.89000000000001
sodium: 903.2325
total_carbohydrate: 69.5875
dietary_fiber: 5.19
sugars: 5.555000000000001
protein: 43.53000000000001
potassium: 761.9175000000001
p: 445.19249999999994

