Recipe: Skillet Pasta with Sun Dried Tomatoes Walnuts and Feta
Servings: 4

Ingredients:
1/3 cup chopped walnuts
1 Tbsp olive oil
2 cloves garlic, minced
1/2 lb frozen broccoli florets
2 cups vegetable broth
1/3 cup sun dried tomatoes
8 oz bowtie pasta
1 fresh lemon
Pinch red pepper flakes
2 oz feta

Nutrition:
calories: 1071.76
total_fat: 55.57000000000001
saturated_fat: 13.600000000000001
cholesterol: 50.46
sodium: 1971.26
total_carbohydrate: 118.31999999999998
dietary_fiber: 18.910000000000004
sugars: 19.150000000000002
protein: 37.470000000000006
potassium: 1815.14
p: 711.1800000000001

Nutrition per Serving:
calories: 267.94
total_fat: 13.892500000000002
saturated_fat: 3.4000000000000004
cholesterol: 12.615
sodium: 492.815
total_carbohydrate: 29.579999999999995
dietary_fiber: 4.727500000000001
sugars: 4.7875000000000005
protein: 9.367500000000001
potassium: 453.785
p: 177.79500000000002

