Recipe: Skillet Cheeseburger Pasta
Servings: 4

Ingredients:
1 yellow onion 
1 Tbsp olive oil 
1/2 lb. lean ground beef 
2 Tbsp all-purpose flour
8 oz. can tomato sauce 
2 cups beef broth
1/2  lb. pasta shells, uncooked
4 oz. shredded sharp cheddar 
2 Tbsp hot dog relish
2 green onions, sliced (optional)

Nutrition:
calories: 1638.6899999999998
total_fat: 83.18
saturated_fat: 35.57
cholesterol: 314.12
sodium: 3547.0299999999997
total_carbohydrate: 103.48
dietary_fiber: 8.74
sugars: 11.450000000000001
protein: 115.7
potassium: 2081.83
p: 1381.3299999999997

Nutrition per Serving:
calories: 409.67249999999996
total_fat: 20.795
saturated_fat: 8.8925
cholesterol: 78.53
sodium: 886.7574999999999
total_carbohydrate: 25.87
dietary_fiber: 2.185
sugars: 2.8625000000000003
protein: 28.925
potassium: 520.4575
p: 345.3324999999999

