Recipe: Slow Cooker Italian Chicken and Peppers
Servings: 4

Ingredients:
3 bell peppers (any color)
1 medium onion
2 boneless-skinless chicken breasts or thighs (1.5 lbs. total)
1 tsp basil
1 tsp oregano
salt and pepper
24 oz jar marinara sauce

Nutrition:
calories: 1211.9099999999999
total_fat: 40.2
saturated_fat: 9.69
cholesterol: 386.23999999999995
sodium: 4170.37
total_carbohydrate: 92.58000000000001
dietary_fiber: 20.36
sugars: 54.31
protein: 120.58
potassium: 4226.33
p: 1169.96

Nutrition per Serving:
calories: 302.97749999999996
total_fat: 10.05
saturated_fat: 2.4225
cholesterol: 96.55999999999999
sodium: 1042.5925
total_carbohydrate: 23.145000000000003
dietary_fiber: 5.09
sugars: 13.5775
protein: 30.145
potassium: 1056.5825
p: 292.49

