Recipe: Slow Cooker Sesame Beef
Servings: 4

Ingredients:
1/2 cup soy sauce
1/3 cup brown sugar
2 cloves garlic
1/2 Tbsp grated fresh ginger
1 tsp toasted sesame oil
2 lbs beef roast
6 green onions, divided
1 Tbsp cornstarch
1 Tbsp sesame seeds

Nutrition:
calories: 3192.74
total_fat: 183.66
saturated_fat: 70.45
cholesterol: 1088.62
sodium: 7491.6
total_carbohydrate: 84.07000000000001
dietary_fiber: 4.77
sugars: 61.17
protein: 287.18
potassium: 3158.4599999999996
p: 1970.22

Nutrition per Serving:
calories: 798.185
total_fat: 45.915
saturated_fat: 17.6125
cholesterol: 272.155
sodium: 1872.9
total_carbohydrate: 21.017500000000002
dietary_fiber: 1.1925
sugars: 15.2925
protein: 71.795
potassium: 789.6149999999999
p: 492.555

