Recipe: Slow Cooker Spiced Cranberry Apple Cider
Servings: 4

Ingredients:
2 quarts unfiltered apple juice or cider 
1 quart cranberry juice cocktail (100% juice)
1 small orange 
3- inches fresh ginger 
1 Tbsp cloves 
1.25 oz bottle cinnamon sticks (5-6 small sticks)
1 small orange 
1 cup fresh cranberries 

Nutrition:
calories: 1842.9199999999998
total_fat: 8.35
saturated_fat: 0.93
cholesterol: 0
sodium: 137.31
total_carbohydrate: 455.54
dietary_fiber: 33.61
sugars: 360.2200000000001
protein: 6.359999999999999
potassium: 3106.94
p: 254.27000000000004

Nutrition per Serving:
calories: 460.72999999999996
total_fat: 2.0875
saturated_fat: 0.2325
cholesterol: 0.0
sodium: 34.3275
total_carbohydrate: 113.885
dietary_fiber: 8.4025
sugars: 90.05500000000002
protein: 1.5899999999999999
potassium: 776.735
p: 63.56750000000001

