Recipe: Slow Cooker 5 Spice Pulled Pork
Servings: 4

Ingredients:
1/4 cup brown sugar
1 Tbsp Five spice blend*
2 cloves garlic, minced
1 Tbsp rice vinegar
3 Tbsp soy sauce
4 lb pork loin
1 Tbsp cornstarch

Nutrition:
calories: 3743.9100000000003
total_fat: 160.95
saturated_fat: 51.65
cholesterol: 1451.49
sodium: 3491.3399999999997
total_carbohydrate: 60.679999999999986
dietary_fiber: 2.8599999999999994
sugars: 44.6
protein: 484.96
potassium: 6703.51
p: 4154.45

Nutrition per Serving:
calories: 935.9775000000001
total_fat: 40.2375
saturated_fat: 12.9125
cholesterol: 362.8725
sodium: 872.8349999999999
total_carbohydrate: 15.169999999999996
dietary_fiber: 0.7149999999999999
sugars: 11.15
protein: 121.24
potassium: 1675.8775
p: 1038.6125

