Recipe: Slow Cooker Pineapple Teriyaki Chicken
Servings: 4

Ingredients:
1 20 oz. can pineapple chunks in juice
1/4 cup soy sauce
2 Tbsp brown sugar
2 cloves garlic, minced
1 tsp grated fresh ginger
5 skinless chicken thighs*
1.5 Tbsp cornstarch
2 green onions, sliced
5 cups cooked rice, for serving (optional)

Nutrition:
calories: 2597.1499999999996
total_fat: 46.43
saturated_fat: 14.18
cholesterol: 683.2
sodium: 4664.469999999999
total_carbohydrate: 383.03999999999996
dietary_fiber: 9.510000000000002
sugars: 133.51000000000002
protein: 165.85000000000002
potassium: 3180.38
p: 1650.74

Nutrition per Serving:
calories: 649.2874999999999
total_fat: 11.6075
saturated_fat: 3.545
cholesterol: 170.8
sodium: 1166.1174999999998
total_carbohydrate: 95.75999999999999
dietary_fiber: 2.3775000000000004
sugars: 33.377500000000005
protein: 41.462500000000006
potassium: 795.095
p: 412.685

