Recipe: Slow Cooker Mashed Potatoes
Servings: 4

Ingredients:
3 lbs. russet potatoes
1.5 cups chicken broth 
2 cloves garlic 
Salt and freshly cracked pepper to taste 
4 oz. cream cheese 
1/2 cup milk 
1 Tbsp butter 

Nutrition:
calories: 1907.0200000000002
total_fat: 54.39999999999999
saturated_fat: 31.51
cholesterol: 158.63
sodium: 2660.12
total_carbohydrate: 309.2
dietary_fiber: 32.01
sugars: 26.990000000000002
protein: 50.0
potassium: 7942.349999999999
p: 1234.5500000000002

Nutrition per Serving:
calories: 476.75500000000005
total_fat: 13.599999999999998
saturated_fat: 7.8775
cholesterol: 39.6575
sodium: 665.03
total_carbohydrate: 77.3
dietary_fiber: 8.0025
sugars: 6.7475000000000005
protein: 12.5
potassium: 1985.5874999999999
p: 308.63750000000005

