Recipe: Smoked Sausage Skillet with Peppers and Farro
Servings: 4

Ingredients:
1 Tbsp olive oil 
1/2 lb. smoked sausage 
2 bell peppers 
1 yellow onion 
15 oz.  can diced tomatoes* 
1/2 tsp dried oregano 
Freshly cracked pepper (10-15 cranks of a mill)
2 cups cooked farro 
1/4 bunch fresh parsley, chopped (optional)

Nutrition:
calories: 1675.35
total_fat: 83.59
saturated_fat: 23.650000000000006
cholesterol: 138.35
sodium: 2383.46
total_carbohydrate: 184.88
dietary_fiber: 35.25
sugars: 40.419999999999995
protein: 63.32000000000001
potassium: 3292.960000000001
p: 1235.52

Nutrition per Serving:
calories: 418.8375
total_fat: 20.8975
saturated_fat: 5.912500000000001
cholesterol: 34.5875
sodium: 595.865
total_carbohydrate: 46.22
dietary_fiber: 8.8125
sugars: 10.104999999999999
protein: 15.830000000000002
potassium: 823.2400000000002
p: 308.88

