Recipe: Smoky Quinoa and Black Bean Salad
Servings: 4

Ingredients:
1 cup uncooked quinoa
1/4 cup olive oil
1 Tbsp apple cider vinegar
1/2 tsp smoked paprika
1/4 tsp  cumin
1/8 tsp garlic powder
1/2 tsp  salt
Freshly cracked pepper
15 oz can black beans
2 bell peppers (preferable red, yellow, or orange)
2 green onions

Nutrition:
calories: 1578.72
total_fat: 66.41
saturated_fat: 9.12
cholesterol: 0
sodium: 2817.73
total_carbohydrate: 199.66
dietary_fiber: 45.830000000000005
sugars: 9.159999999999998
protein: 52.839999999999996
potassium: 2810.4300000000003
p: 1300.8999999999999

Nutrition per Serving:
calories: 394.68
total_fat: 16.6025
saturated_fat: 2.28
cholesterol: 0.0
sodium: 704.4325
total_carbohydrate: 49.915
dietary_fiber: 11.457500000000001
sugars: 2.2899999999999996
protein: 13.209999999999999
potassium: 702.6075000000001
p: 325.22499999999997

