Recipe: Southwest Spaghetti Squash Bowls
Servings: 4

Ingredients:
4 cups cooked spaghetti squash
1/2 Tbsp chili powder*
Salt to taste
15 oz can black beans
1 cup salsa
4 oz Monterey jack cheese
2 green onions

Nutrition:
calories: 1073.5
total_fat: 38.25000000000001
saturated_fat: 22.480000000000004
cholesterol: 100.93
sodium: 4970.86
total_carbohydrate: 132.61999999999998
dietary_fiber: 45.12
sugars: 28.639999999999997
protein: 62.519999999999996
potassium: 3001.57
p: 1158.31

Nutrition per Serving:
calories: 268.375
total_fat: 9.562500000000002
saturated_fat: 5.620000000000001
cholesterol: 25.2325
sodium: 1242.715
total_carbohydrate: 33.154999999999994
dietary_fiber: 11.28
sugars: 7.159999999999999
protein: 15.629999999999999
potassium: 750.3925
p: 289.5775

