Recipe: Spaghetti Carbonara
Servings: 4

Ingredients:
3 oz. bacon 
2 cloves garlic 
12 oz. spaghetti 
3 large eggs 
3/4 cup grated Parmesan 
Freshly cracked pepper 
Salt to taste 
Handful fresh parsley (optional)

Nutrition:
calories: 1473.82
total_fat: 67.61999999999999
saturated_fat: 26.89
cholesterol: 706.7
sodium: 3629.2
total_carbohydrate: 122.88
dietary_fiber: 6.99
sugars: 4.84
protein: 89.28000000000002
potassium: 1442.52
p: 1403.3500000000001

Nutrition per Serving:
calories: 368.455
total_fat: 16.904999999999998
saturated_fat: 6.7225
cholesterol: 176.675
sodium: 907.3
total_carbohydrate: 30.72
dietary_fiber: 1.7475
sugars: 1.21
protein: 22.320000000000004
potassium: 360.63
p: 350.83750000000003

