Recipe: Spicy Seafood Pasta with Tomato Butter Sauce
Servings: 4

Ingredients:
4 Tbsp butter, divided
8 oz frozen seafood mix* 
4 cloves garlic 
28 oz can whole peeled tomatoes 
1/4 tsp red pepper flakes (optional)
8 oz fettuccine 
1/2 tsp salt 
Handful fresh parsley (optional garnish)

Nutrition:
calories: 1241.46
total_fat: 57.52000000000001
saturated_fat: 31.310000000000002
cholesterol: 305.99
sodium: 2546.3700000000003
total_carbohydrate: 113.75
dietary_fiber: 14.719999999999999
sugars: 24.25
protein: 72.22999999999999
potassium: 3244.6199999999994
p: 1088.5000000000002

Nutrition per Serving:
calories: 310.365
total_fat: 14.380000000000003
saturated_fat: 7.827500000000001
cholesterol: 76.4975
sodium: 636.5925000000001
total_carbohydrate: 28.4375
dietary_fiber: 3.6799999999999997
sugars: 6.0625
protein: 18.057499999999997
potassium: 811.1549999999999
p: 272.12500000000006

