Recipe: Spicy Roasted Cauliflower with Cheese Sauce
Servings: 4

Ingredients:
1/2 Tbsp smoked paprika
1/4 tsp garlic powder
1/8 tsp cayenne pepper
1/4 tsp salt
Freshly cracked pepper
1 lb. frozen cauliflower florets
1 Tbsp olive oil
1/2 cup evaporated milk
1 Tbsp butter
4 oz.  sharp cheddar, shredded

Nutrition:
calories: 971.08
total_fat: 74.92000000000002
saturated_fat: 36.76
cholesterol: 179.33999999999997
sodium: 1618.35
total_carbohydrate: 38.79
dietary_fiber: 12.33
sugars: 23.03
protein: 43.86
potassium: 1237.42
p: 938.46

Nutrition per Serving:
calories: 242.77
total_fat: 18.730000000000004
saturated_fat: 9.19
cholesterol: 44.834999999999994
sodium: 404.5875
total_carbohydrate: 9.6975
dietary_fiber: 3.0825
sugars: 5.7575
protein: 10.965
potassium: 309.355
p: 234.615

