Recipe: Spinach Mushroom and Feta Crustless Quiche
Servings: 4

Ingredients:
8 oz button mushrooms
1 clove garlic, minced
10 oz box frozen spinach, thawed
4 large eggs
1 cup milk
2 oz feta cheese
1/4 cup Parmesan, grated
1/2 cup shredded mozzarella
Salt and pepper to taste

Nutrition:
calories: 961.44
total_fat: 54.79999999999999
saturated_fat: 27.01
cholesterol: 863.5100000000001
sodium: 2251.14
total_carbohydrate: 49.669999999999995
dietary_fiber: 15.61
sugars: 10.829999999999998
protein: 75.49000000000001
potassium: 2488.8799999999997
p: 1563.8600000000001

Nutrition per Serving:
calories: 240.36
total_fat: 13.699999999999998
saturated_fat: 6.7525
cholesterol: 215.87750000000003
sodium: 562.785
total_carbohydrate: 12.417499999999999
dietary_fiber: 3.9025
sugars: 2.7074999999999996
protein: 18.872500000000002
potassium: 622.2199999999999
p: 390.96500000000003

