Recipe: Spinach and Feta Turkey Meatballs
Servings: 4

Ingredients:
4 oz. fresh spinach
2 Tbsp olive oil, divided
1 lb. lean ground turkey (93% lean)
1/2 cup breadcrumbs
1/4 tsp garlic powder
Freshly cracked pepper
1/4 tsp salt
1 large egg
2 oz. feta, crumbled

Nutrition:
calories: 1673.7399999999998
total_fat: 99.83000000000001
saturated_fat: 27.96
cholesterol: 708.2
sodium: 2066.88
total_carbohydrate: 47.699999999999996
dietary_fiber: 5.57
sugars: 6.369999999999999
protein: 148.08
potassium: 2261.8900000000003
p: 1616.3899999999999

Nutrition per Serving:
calories: 418.43499999999995
total_fat: 24.957500000000003
saturated_fat: 6.99
cholesterol: 177.05
sodium: 516.72
total_carbohydrate: 11.924999999999999
dietary_fiber: 1.3925
sugars: 1.5924999999999998
protein: 37.02
potassium: 565.4725000000001
p: 404.09749999999997

