Recipe: Spinach Artichoke Grilled Cheese
Servings: 4

Ingredients:
1/4 lb. frozen chopped spinach 
14 oz. can quartered artichoke hearts in water 
1 cup shredded mozzarella 
2 Tbsp grated Parmesan 
3 Tbsp mayonnaise 
1/8 tsp garlic powder 
1/8 tsp salt 
Freshly cracked pepper 
4 large slices sturdy bread 
2 tsp butter 

Nutrition:
calories: 994.14
total_fat: 61.35
saturated_fat: 21.77
cholesterol: 102.23
sodium: 1877.7099999999998
total_carbohydrate: 80.18
dietary_fiber: 26.939999999999998
sugars: 8.719999999999999
protein: 42.04
potassium: 1886.2099999999998
p: 929.95

Nutrition per Serving:
calories: 248.535
total_fat: 15.3375
saturated_fat: 5.4425
cholesterol: 25.5575
sodium: 469.42749999999995
total_carbohydrate: 20.045
dietary_fiber: 6.734999999999999
sugars: 2.1799999999999997
protein: 10.51
potassium: 471.55249999999995
p: 232.4875

