Recipe: Spinach Artichoke Quesadillas
Servings: 4

Ingredients:
1/3 cup spinach artichoke dip
1 medium flour tortillas
1/3 cup shredded rotisserie chicken
None dash hot sauce

Nutrition:
calories: 387.02000000000004
total_fat: 20.66
saturated_fat: 7.67
cholesterol: 99.17999999999999
sodium: 731.98
total_carbohydrate: 23.990000000000002
dietary_fiber: 3.38
sugars: 1.28
protein: 27.21
potassium: 437.74
p: 309.96999999999997

Nutrition per Serving:
calories: 96.75500000000001
total_fat: 5.165
saturated_fat: 1.9175
cholesterol: 24.794999999999998
sodium: 182.995
total_carbohydrate: 5.9975000000000005
dietary_fiber: 0.845
sugars: 0.32
protein: 6.8025
potassium: 109.435
p: 77.49249999999999

