Recipe: Sticky Ginger Soy Glazed Chicken
Servings: 4

Ingredients:
1/4 cup brown sugar 
3 Tbsp soy sauce 
2 cloves garlic 
1 Tbsp fresh ginger, grated
Freshly cracked pepper 
1 Tbsp cooking oil 
8 boneless, skinless chicken thighs (about 1.75 lbs total)
1/2 Tbsp cooking oil 
2 green onions 
1 tsp sesame seeds 

Nutrition:
calories: 1900.0800000000002
total_fat: 92.03
saturated_fat: 23.210000000000004
cholesterol: 1093.12
sodium: 4243.02
total_carbohydrate: 54.96999999999999
dietary_fiber: 2.41
sugars: 45.370000000000005
protein: 222.82999999999998
potassium: 2856.1400000000003
p: 1935.24

Nutrition per Serving:
calories: 475.02000000000004
total_fat: 23.0075
saturated_fat: 5.802500000000001
cholesterol: 273.28
sodium: 1060.755
total_carbohydrate: 13.742499999999998
dietary_fiber: 0.6025
sugars: 11.342500000000001
protein: 55.707499999999996
potassium: 714.0350000000001
p: 483.81

