Recipe: Strawberry Shortcake
Servings: 4

Ingredients:
1 lb. fresh strawberries
2 Tbsp sugar
2.5 cups all-purpose flour
1 tsp salt
2 Tbsp sugar
4 tsp baking powder
2 cups heavy whipping cream
1 cup heavy whipping cream
2 Tbsp sugar
1 tsp vanilla extract

Nutrition:
calories: 4023.5199999999995
total_fat: 262.03
saturated_fat: 165.0
cholesterol: 806.8199999999999
sodium: 4480.580000000001
total_carbohydrate: 373.7699999999999
dietary_fiber: 17.549999999999997
sugars: 119.55000000000001
protein: 55.6
potassium: 1718.5600000000002
p: 1263.87

Nutrition per Serving:
calories: 1005.8799999999999
total_fat: 65.5075
saturated_fat: 41.25
cholesterol: 201.70499999999998
sodium: 1120.1450000000002
total_carbohydrate: 93.44249999999998
dietary_fiber: 4.387499999999999
sugars: 29.887500000000003
protein: 13.9
potassium: 429.64000000000004
p: 315.9675

