Recipe: Streuseled Sweet Potatoes
Servings: 4

Ingredients:
2 sweet Potatoes (about 3/4 lb. each)
1 Tbsp olive oil 
4 tsp maple syrup
2 Tbsp all-purpose flour
2 Tbsp rolled oats
1/4 cup brown sugar
1/4 cup chopped walnuts
2 Tbsp butter
1/2 tsp cinnamon

Nutrition:
calories: 1089.4499999999998
total_fat: 57.370000000000005
saturated_fat: 18.509999999999998
cholesterol: 61.06
sodium: 282.03000000000003
total_carbohydrate: 139.98000000000005
dietary_fiber: 11.7
sugars: 78.57000000000001
protein: 12.01
potassium: 1009.73
p: 268.97999999999996

Nutrition per Serving:
calories: 272.36249999999995
total_fat: 14.342500000000001
saturated_fat: 4.6274999999999995
cholesterol: 15.265
sodium: 70.50750000000001
total_carbohydrate: 34.99500000000001
dietary_fiber: 2.925
sugars: 19.642500000000002
protein: 3.0025
potassium: 252.4325
p: 67.24499999999999

