Recipe: Sweet Chili Tofu Bowls
Servings: 4

Ingredients:
14 oz block extra firm tofu
Pinch of salt
2 Tbsp cornstarch
2 Tbsp neutral cooking oil*
1 avocado
1 bell pepper (any color)
2-3 green onions
Handful cilantro (optional)
1/2 cup sweet chili sauce
2 tsp sesame seeds (optional)
4 cups cooked rice

Nutrition:
calories: 2055.05
total_fat: 74.82000000000001
saturated_fat: 9.269999999999998
cholesterol: 0
sodium: 235.31
total_carbohydrate: 293.46000000000004
dietary_fiber: 20.890000000000004
sugars: 76.16999999999999
protein: 63.48
potassium: 2092.38
p: 892.1999999999999

Nutrition per Serving:
calories: 513.7625
total_fat: 18.705000000000002
saturated_fat: 2.3174999999999994
cholesterol: 0.0
sodium: 58.8275
total_carbohydrate: 73.36500000000001
dietary_fiber: 5.222500000000001
sugars: 19.042499999999997
protein: 15.87
potassium: 523.095
p: 223.04999999999998

