Recipe: Sweet Molasses Dinner Rolls
Servings: 4

Ingredients:
2 tsp Instant or rapid rise yeast
1 tsp brown sugar
1 cup warm water
1 cup whole wheat flour
1/2 tsp salt
1 Tbsp butter, melted
1 Tbso unsweetened cocoa powder
1/3 cup molasses
1.5-2 cups all-purpose flour
1 large egg (optional)

Nutrition:
calories: 2329.0
total_fat: 24.18
saturated_fat: 10.049999999999999
cholesterol: 216.53
sodium: 1390.66
total_carbohydrate: 465.83000000000004
dietary_fiber: 26.12
sugars: 88.28999999999999
protein: 65.23
potassium: 2618.8
p: 1021.39

Nutrition per Serving:
calories: 582.25
total_fat: 6.045
saturated_fat: 2.5124999999999997
cholesterol: 54.1325
sodium: 347.665
total_carbohydrate: 116.45750000000001
dietary_fiber: 6.53
sugars: 22.072499999999998
protein: 16.3075
potassium: 654.7
p: 255.3475

