Recipe: Sweet and Spicy Glazed Chicken Thighs
Servings: 4

Ingredients:
1/4 cup brown sugar
1/2 tsp cayenne pepper
1/2 tsp garlic powder
1/2 tsp paprika
1/2 tsp salt
freshly cracked pepper
1 Tbsp olive oil
1.5 lbs. boneless, skinless chicken thighs (4-5 pieces)

Nutrition:
calories: 1425.56
total_fat: 66.48
saturated_fat: 18.3
cholesterol: 830.07
sodium: 2382.52
total_carbohydrate: 48.48
dietary_fiber: 1.3599999999999999
sugars: 44.53
protein: 165.68
potassium: 1977.91
p: 1392.5100000000002

Nutrition per Serving:
calories: 356.39
total_fat: 16.62
saturated_fat: 4.575
cholesterol: 207.5175
sodium: 595.63
total_carbohydrate: 12.12
dietary_fiber: 0.33999999999999997
sugars: 11.1325
protein: 41.42
potassium: 494.4775
p: 348.12750000000005

