Recipe: Homemade Taco Seasoning
Servings: 4

Ingredients:
1 Tbsp chili powder 
1 tsp smoked paprika 
1 tsp cumin 
1/4 tsp cayenne pepper
1/2 tsp oregano 
1/2 tsp salt 
1/2 tsp 15 cranks fresh black pepper 

Nutrition:
calories: 126.82
total_fat: 3.14
saturated_fat: 0.78
cholesterol: 0
sodium: 1404.41
total_carbohydrate: 28.939999999999998
dietary_fiber: 12.950000000000001
sugars: 1.1700000000000002
protein: 5.470000000000001
potassium: 722.62
p: 98.57

Nutrition per Serving:
calories: 31.705
total_fat: 0.785
saturated_fat: 0.195
cholesterol: 0.0
sodium: 351.1025
total_carbohydrate: 7.234999999999999
dietary_fiber: 3.2375000000000003
sugars: 0.29250000000000004
protein: 1.3675000000000002
potassium: 180.655
p: 24.6425

