Recipe: Thai Cucumber Salad
Servings: 4

Ingredients:
1/3 cup rice vinegar
2 Tbsp granulated sugar
1/2 tsp toasted sesame oil
1/4 to 1/2 tsp red pepper flakes
1/2 tsp salt
2 large cucumbers
3 green onions
1/4 cup chopped peanuts

Nutrition:
calories: 446.69000000000005
total_fat: 21.25
saturated_fat: 3.3899999999999997
cholesterol: 0
sodium: 1332.88
total_carbohydrate: 57.019999999999996
dietary_fiber: 7.279999999999999
sugars: 37.36
protein: 13.46
potassium: 1199.2500000000002
p: 289.33000000000004

Nutrition per Serving:
calories: 111.67250000000001
total_fat: 5.3125
saturated_fat: 0.8474999999999999
cholesterol: 0.0
sodium: 333.22
total_carbohydrate: 14.254999999999999
dietary_fiber: 1.8199999999999998
sugars: 9.34
protein: 3.365
potassium: 299.81250000000006
p: 72.33250000000001

