Recipe: Thai Coconut Curry Carrot Soup
Servings: 4

Ingredients:
2 Tbsp butter or coconut oil
1 yellow onion
4 Tbsp red Thai curry paste
1 lb. carrots
1 sweet potato (about 3/4 lb.)
3 cups vegetable broth*
13.5 oz. can full fat coconut milk
salt and pepper to taste
cilantro
sriracha

Nutrition:
calories: 814.88
total_fat: 44.88
saturated_fat: 31.820000000000004
cholesterol: 61.06
sodium: 4331.1900000000005
total_carbohydrate: 98.88000000000002
dietary_fiber: 20.85
sugars: 35.26
protein: 11.78
potassium: 2149.9399999999996
p: 336.77000000000004

Nutrition per Serving:
calories: 203.72
total_fat: 11.22
saturated_fat: 7.955000000000001
cholesterol: 15.265
sodium: 1082.7975000000001
total_carbohydrate: 24.720000000000006
dietary_fiber: 5.2125
sugars: 8.815
protein: 2.945
potassium: 537.4849999999999
p: 84.19250000000001

