Recipe: The Best Weeknight Pasta Sauce
Servings: 4

Ingredients:
1/2  lb. ground beef
1 Tbsp  olive oil
1 small onion
2 Tbsp butter
28 oz. crushed tomatoes
1/2 tsp Italian seasoning blend
Freshly cracked pepper
Salt, to taste

Nutrition:
calories: 1227.1699999999998
total_fat: 78.35
saturated_fat: 31.680000000000003
cholesterol: 262.90999999999997
sodium: 2449.53
total_carbohydrate: 65.69999999999999
dietary_fiber: 16.65
sugars: 37.809999999999995
protein: 75.6
potassium: 3331.04
p: 798.8399999999999

Nutrition per Serving:
calories: 306.79249999999996
total_fat: 19.5875
saturated_fat: 7.920000000000001
cholesterol: 65.72749999999999
sodium: 612.3825
total_carbohydrate: 16.424999999999997
dietary_fiber: 4.1625
sugars: 9.452499999999999
protein: 18.9
potassium: 832.76
p: 199.70999999999998

