Recipe: Thick Cut Garlic Parmesan Oven Fries
Servings: 4

Ingredients:
1 large russet potato (about 1 lb.)
1 Tbsp olive oil
1 tsp dried oregano
1/4 tsp garlic powder
1/4 tsp salt
Freshly cracked pepper
1 Tbsp grated Parmesan
Handful fresh parsley (optional)

Nutrition:
calories: 462.83
total_fat: 15.870000000000001
saturated_fat: 2.85
cholesterol: 4.3
sodium: 746.7300000000001
total_carbohydrate: 71.39
dietary_fiber: 10.0
sugars: 3.8
protein: 11.46
potassium: 2025.3400000000001
p: 285.44

Nutrition per Serving:
calories: 115.7075
total_fat: 3.9675000000000002
saturated_fat: 0.7125
cholesterol: 1.075
sodium: 186.68250000000003
total_carbohydrate: 17.8475
dietary_fiber: 2.5
sugars: 0.95
protein: 2.865
potassium: 506.33500000000004
p: 71.36

