Recipe: Tomato Basil No Knead Bread
Servings: 4

Ingredients:
1/3 cup sun dried tomatoes*
3 cups all-purpose flour
2 tsp instant or bread machine yeast
1/2 Tbsp salt
1/2 Tbsp dried basil
1.5 cups warm water 
1 Tbsp tomato paste
4 oz.  mozzarella, shredded (optional)

Nutrition:
calories: 1798.6799999999998
total_fat: 27.33
saturated_fat: 13.81
cholesterol: 73.71
sodium: 4317.15
total_carbohydrate: 312.36
dietary_fiber: 15.75
sugars: 12.23
protein: 72.36
potassium: 1443.2500000000002
p: 1146.1599999999999

Nutrition per Serving:
calories: 449.66999999999996
total_fat: 6.8325
saturated_fat: 3.4525
cholesterol: 18.4275
sodium: 1079.2875
total_carbohydrate: 78.09
dietary_fiber: 3.9375
sugars: 3.0575
protein: 18.09
potassium: 360.81250000000006
p: 286.53999999999996

