Recipe: Ultimate Southwest Scrambled Eggs
Servings: 4

Ingredients:
8 large eggs 
1/4 cup milk 
salt and pepper 
1 Tbsp butter 
15 oz. can black beans 
4 oz.  can diced green chiles 
1/4 cup taco sauce 
4 oz. pepper jack, shredded
2 green onions 
1 small tomato

Nutrition:
calories: 1619.07
total_fat: 86.79
saturated_fat: 42.52
cholesterol: 1624.3600000000001
sodium: 3837.620000000001
total_carbohydrate: 101.73
dietary_fiber: 32.980000000000004
sugars: 15.91
protein: 109.53999999999999
potassium: 2744.1800000000003
p: 1904.9899999999998

Nutrition per Serving:
calories: 404.7675
total_fat: 21.6975
saturated_fat: 10.63
cholesterol: 406.09000000000003
sodium: 959.4050000000002
total_carbohydrate: 25.4325
dietary_fiber: 8.245000000000001
sugars: 3.9775
protein: 27.384999999999998
potassium: 686.0450000000001
p: 476.24749999999995

