Recipe: Ultimate Portobello Mushroom Pizza
Servings: 4

Ingredients:
1 large pizza dough
1 batch (not) sun dried tomato sauce*
1 Tbsp olive oil
1 portobello mushroom cap
Salt and pepper
4 oz shredded mozzarella
2 oz feta, crumbled
Handful chopped parsley (optional)

Nutrition:
calories: 792.18
total_fat: 52.21
saturated_fat: 23.85
cholesterol: 126.81
sodium: 2306.95
total_carbohydrate: 41.260000000000005
dietary_fiber: 6.180000000000001
sugars: 14.290000000000003
protein: 42.09
potassium: 1232.66
p: 972.3600000000001

Nutrition per Serving:
calories: 198.045
total_fat: 13.0525
saturated_fat: 5.9625
cholesterol: 31.7025
sodium: 576.7375
total_carbohydrate: 10.315000000000001
dietary_fiber: 1.5450000000000002
sugars: 3.5725000000000007
protein: 10.5225
potassium: 308.165
p: 243.09000000000003

