Recipe: Ultimate BBQ Chicken Quesadillas
Servings: 4

Ingredients:
1.5 cups chopped cooked chicken
15 oz can black beans, drained
1/4 red onion
1 jalapeño
1/2 cup fresh cilantro
2 cups shredded cheddar
1 tsp chili powder
1/2 tsp smoked paprika
1/4 tsp salt
1/2 cup Sweet Baby Ray's BBQ Sauce
10  7 inch flour tortillas

Nutrition:
calories: 3851.0099999999998
total_fat: 140.22
saturated_fat: 59.16000000000001
cholesterol: 414.09000000000003
sodium: 9160.369999999999
total_carbohydrate: 470.63
dietary_fiber: 50.33
sugars: 98.03
protein: 171.93999999999997
potassium: 3386.33
p: 2541.5699999999997

Nutrition per Serving:
calories: 962.7524999999999
total_fat: 35.055
saturated_fat: 14.790000000000003
cholesterol: 103.52250000000001
sodium: 2290.0924999999997
total_carbohydrate: 117.6575
dietary_fiber: 12.5825
sugars: 24.5075
protein: 42.98499999999999
potassium: 846.5825
p: 635.3924999999999

