Recipe: Vegetarian Mustard Greens
Servings: 4

Ingredients:
1 Tbsp olive oil
1 yellow onion
2 cloves garlic
2 cups vegetable broth*
1 lb fresh mustard greens, stemmed and cut
1/2 Tbsp smoked paprika
1/2 Tbsp sugar
Freshly cracked pepper
Pinch red pepper flakes (optional)

Nutrition:
calories: 358.5
total_fat: 16.46
saturated_fat: 2.1899999999999995
cholesterol: 0
sodium: 1430.8899999999999
total_carbohydrate: 46.83
dietary_fiber: 17.76
sugars: 19.64
protein: 16.37
potassium: 2120.4900000000002
p: 333.0

Nutrition per Serving:
calories: 89.625
total_fat: 4.115
saturated_fat: 0.5474999999999999
cholesterol: 0.0
sodium: 357.72249999999997
total_carbohydrate: 11.7075
dietary_fiber: 4.44
sugars: 4.91
protein: 4.0925
potassium: 530.1225000000001
p: 83.25

