Recipe: Veggie Packed Freezer Ready Breakfast Sandwiches
Servings: 4

Ingredients:
6 large eggs 
1/2 cup milk 
1/2 tsp salt 
Freshly cracked pepper 
1/2 lb. frozen cut leaf spinach 
1/2 12 oz. jar roasted red peppers
6 English Muffins 
6 slices cheese 

Nutrition:
calories: 2173.5
total_fat: 99.47
saturated_fat: 44.379999999999995
cholesterol: 1292.12
sodium: 4657.7300000000005
total_carbohydrate: 200.31
dietary_fiber: 22.68
sugars: 11.13
protein: 121.92
potassium: 3607.0
p: 2223.14

Nutrition per Serving:
calories: 543.375
total_fat: 24.8675
saturated_fat: 11.094999999999999
cholesterol: 323.03
sodium: 1164.4325000000001
total_carbohydrate: 50.0775
dietary_fiber: 5.67
sugars: 2.7825
protein: 30.48
potassium: 901.75
p: 555.785

