Recipe: Warm Corn and Avocado Salad
Servings: 4

Ingredients:
2 Tbsp cooking oil 
1 lb. frozen corn kernels, thawed
Salt and Pepper to taste 
1/4 tsp cumin 
1/4 red onion 
1 avocado 
1/4 bunch cilantro 
1 lime 

Nutrition:
calories: 945.0600000000002
total_fat: 56.099999999999994
saturated_fat: 5.629999999999999
cholesterol: 0
sodium: 317.52
total_carbohydrate: 117.06000000000002
dietary_fiber: 22.7
sugars: 23.32
protein: 19.22
potassium: 1840.66
p: 449.91999999999996

Nutrition per Serving:
calories: 236.26500000000004
total_fat: 14.024999999999999
saturated_fat: 1.4074999999999998
cholesterol: 0.0
sodium: 79.38
total_carbohydrate: 29.265000000000004
dietary_fiber: 5.675
sugars: 5.83
protein: 4.805
potassium: 460.165
p: 112.47999999999999

