Recipe: White Cheddar Mac and Cheese with Chicken and Broccoli
Servings: 4

Ingredients:
1/2 lb. pasta (any short shape)
1/2  lb. frozen broccoli florets
1 boneless skinless chicken breast (about 2/3 lb.)
None pinch salt and pepper
1 Tbsp cooking oil
2 Tbsp butter
1 cup evaporated milk
1/4 tsp garlic powder
1/4 tsp smoked paprika
1/4 tsp salt
8 oz. extra sharp white cheddar, shredded

Nutrition:
calories: 2221.37
total_fat: 139.04
saturated_fat: 71.66
cholesterol: 460.66999999999996
sodium: 2746.46
total_carbohydrate: 119.5
dietary_fiber: 11.84
sugars: 30.91
protein: 125.25999999999999
potassium: 2037.3799999999997
p: 2112.51

Nutrition per Serving:
calories: 555.3425
total_fat: 34.76
saturated_fat: 17.915
cholesterol: 115.16749999999999
sodium: 686.615
total_carbohydrate: 29.875
dietary_fiber: 2.96
sugars: 7.7275
protein: 31.314999999999998
potassium: 509.3449999999999
p: 528.1275

