Recipe: Yellow Rice Chicken Skillet
Servings: 4

Ingredients:
1 Tbsp vegetable or canola oil
4 bone-in chicken thighs with skin
Pinch salt and pepper
2 cloves garlic, minced
1 tsp turmeric
1/2 tsp cumin
1/4 tsp cinnamon
1.5 cups long grain jasmine rice
1.5 cups frozen peas
2.5 cups chicken broth*
1/4 bunch cilantro (optional)

Nutrition:
calories: 1797.9099999999999
total_fat: 88.87000000000002
saturated_fat: 23.06
cholesterol: 678.0500000000001
sodium: 3473.2899999999995
total_carbohydrate: 110.11
dietary_fiber: 13.520000000000001
sugars: 13.850000000000001
protein: 145.98000000000002
potassium: 1948.92
p: 1367.3200000000002

Nutrition per Serving:
calories: 449.47749999999996
total_fat: 22.217500000000005
saturated_fat: 5.765
cholesterol: 169.51250000000002
sodium: 868.3224999999999
total_carbohydrate: 27.5275
dietary_fiber: 3.3800000000000003
sugars: 3.4625000000000004
protein: 36.495000000000005
potassium: 487.23
p: 341.83000000000004

