Recipe: Zucchini Sausage Ravioli
Servings: 4

Ingredients:
20 oz.  bag frozen cheese ravioli 
1 Tbsp olive oil 
8 oz. Italian Sausage 
2 lb. zucchini 
24 oz.  jar pasta sauce 

Nutrition:
calories: 2445.5
total_fat: 129.92000000000002
saturated_fat: 49.739999999999995
cholesterol: 277.71999999999997
sodium: 6663.879999999999
total_carbohydrate: 204.71
dietary_fiber: 29.72
sugars: 61.66
protein: 117.07000000000001
potassium: 5983.43
p: 1674.53

Nutrition per Serving:
calories: 611.375
total_fat: 32.480000000000004
saturated_fat: 12.434999999999999
cholesterol: 69.42999999999999
sodium: 1665.9699999999998
total_carbohydrate: 51.1775
dietary_fiber: 7.43
sugars: 15.415
protein: 29.267500000000002
potassium: 1495.8575
p: 418.6325

